index,time_window,label,matched_eqs,total_eq
0,2009-04-01 05:08:53.477,1,"[{'lat': -5.963, 'long': 101.907, 'Time': Timestamp('2009-04-01 06:29:40'), 'mag': 5.6}, {'lat': -5.963, 'long': 101.907, 'Time': Timestamp('2009-04-01 06:29:40'), 'mag': 5.6}, {'lat': -5.963, 'long': 101.907, 'Time': Timestamp('2009-04-01 06:29:40'), 'mag': 5.6}]",3
1,2009-04-01 08:23:50.996,0,[],0
2,2009-04-01 11:42:23.259,0,[],0
3,2009-04-01 15:00:48.190,0,[],0
4,2009-04-01 21:30:23.420,0,[],0
5,2009-04-02 00:44:23.472,1,"[{'lat': -3.551, 'long': 144.22, 'Time': Timestamp('2009-04-02 03:29:32'), 'mag': 5.2}, {'lat': -3.551, 'long': 144.22, 'Time': Timestamp('2009-04-02 03:29:32'), 'mag': 5.2}, {'lat': -3.551, 'long': 144.22, 'Time': Timestamp('2009-04-02 03:29:32'), 'mag': 5.2}]",3
6,2009-04-02 05:38:55.964,0,[],0
7,2009-04-02 08:53:51.921,0,[],0
8,2009-04-02 12:13:23.660,0,[],0
9,2009-04-02 15:30:48.815,0,[],0
10,2009-04-02 18:46:18.321,1,"[{'lat': 1.919, 'long': -97.95, 'Time': Timestamp('2009-04-02 19:11:57'), 'mag': 5.1}, {'lat': 1.919, 'long': -97.95, 'Time': Timestamp('2009-04-02 19:11:57'), 'mag': 5.1}, {'lat': 1.919, 'long': -97.95, 'Time': Timestamp('2009-04-02 19:11:57'), 'mag': 5.1}]",3
11,2009-04-02 21:59:52.012,0,[],0
12,2009-04-03 01:13:50.860,0,[],0
13,2009-04-03 06:08:56.689,0,[],0
14,2009-04-03 09:24:22.433,0,[],0
15,2009-04-03 12:43:54.062,0,[],0
16,2009-04-03 16:01:21.318,1,"[{'lat': -27.842, 'long': -66.593, 'Time': Timestamp('2009-04-03 17:54:50'), 'mag': 5.7}, {'lat': -27.842, 'long': -66.593, 'Time': Timestamp('2009-04-03 17:54:50'), 'mag': 5.7}, {'lat': -27.842, 'long': -66.593, 'Time': Timestamp('2009-04-03 17:54:50'), 'mag': 5.7}]",3
17,2009-04-03 19:15:53.168,0,[],0
18,2009-04-04 00:06:23.437,0,[],0
19,2009-04-04 08:15:52.354,0,[],0
20,2009-04-04 11:34:53.436,0,[],0
21,2009-04-04 21:22:23.596,0,[],0
22,2009-04-05 00:36:20.970,0,[],0
23,2009-04-05 10:25:20.907,0,[],0
24,2009-04-05 13:44:23.863,0,[],0
25,2009-04-05 23:28:54.023,0,[],0
26,2009-04-06 07:39:20.579,0,[],0
27,2009-04-08 10:17:20.282,0,[],0
28,2009-04-08 13:36:23.238,0,[],0
29,2009-04-08 23:21:23.397,0,[],0
30,2009-04-09 07:31:22.728,0,[],0
31,2009-04-09 10:47:50.683,0,[],0
32,2009-04-09 14:06:50.950,0,[],0
33,2009-04-09 17:23:23.693,0,[],0
34,2009-04-09 20:37:23.746,0,[],0
35,2009-04-09 23:50:53.798,1,"[{'lat': -3.346, 'long': 148.68, 'Time': Timestamp('2009-04-10 04:09:42'), 'mag': 5.2}, {'lat': -3.346, 'long': 148.68, 'Time': Timestamp('2009-04-10 04:09:42'), 'mag': 5.2}, {'lat': -3.346, 'long': 148.68, 'Time': Timestamp('2009-04-10 04:09:42'), 'mag': 5.2}]",3
36,2009-04-10 03:07:25.046,1,"[{'lat': -3.121, 'long': 127.5, 'Time': Timestamp('2009-04-10 05:40:32'), 'mag': 5.4}, {'lat': -3.121, 'long': 127.5, 'Time': Timestamp('2009-04-10 05:40:32'), 'mag': 5.4}, {'lat': -3.121, 'long': 127.5, 'Time': Timestamp('2009-04-10 05:40:32'), 'mag': 5.4}]",3
37,2009-04-10 06:23:26.784,1,"[{'lat': -18.467, 'long': 65.94, 'Time': Timestamp('2009-04-10 06:51:47'), 'mag': 5.2}]",1
38,2009-04-10 09:38:52.385,0,[],0
39,2009-04-10 12:58:24.013,0,[],0
40,2009-04-10 16:15:24.066,0,[],0
41,2009-04-10 19:29:53.120,0,[],0
42,2009-04-10 22:43:55.137,0,[],0
43,2009-04-11 08:30:16.994,0,[],0
44,2009-04-12 07:23:55.672,0,[],0
45,2009-04-12 12:19:53.788,0,[],0
46,2009-04-12 15:37:16.287,0,[],0
47,2009-04-12 18:52:23.895,0,[],0
48,2009-04-12 22:06:19.373,0,[],0
49,2009-04-13 01:20:22.316,0,[],0
50,2009-04-13 06:15:25.381,0,[],0
51,2009-04-13 09:30:46.138,0,[],0
52,2009-04-13 12:50:23.190,0,[],0
53,2009-04-13 16:07:23.243,0,[],0
54,2009-04-13 19:22:23.296,0,[],0
55,2009-04-13 22:35:53.350,0,[],0
56,2009-04-14 01:50:20.936,1,"[{'lat': 48.837, 'long': 154.883, 'Time': Timestamp('2009-04-14 03:04:27'), 'mag': 5.5}, {'lat': 48.837, 'long': 154.883, 'Time': Timestamp('2009-04-14 03:04:27'), 'mag': 5.5}, {'lat': 48.837, 'long': 154.883, 'Time': Timestamp('2009-04-14 03:04:27'), 'mag': 5.5}, {'lat': 7.048, 'long': 123.733, 'Time': Timestamp('2009-04-14 07:02:15'), 'mag': 5.0}, {'lat': 7.048, 'long': 123.733, 'Time': Timestamp('2009-04-14 07:02:15'), 'mag': 5.0}]",5
57,2009-04-14 06:45:24.454,0,[],0
58,2009-04-14 10:01:21.963,0,[],0
59,2009-04-14 13:20:53.591,0,[],0
60,2009-04-14 16:37:23.645,0,[],0
61,2009-04-14 19:51:53.698,0,[],0
62,2009-04-15 00:42:51.311,0,[],0
63,2009-04-15 05:37:26.268,0,[],0
64,2009-04-15 08:52:22.225,1,"[{'lat': 12.348, 'long': 58.071, 'Time': Timestamp('2009-04-15 10:20:04'), 'mag': 5.7}]",1
65,2009-04-15 12:11:53.163,0,[],0
66,2009-04-15 15:29:22.413,0,[],0
67,2009-04-15 18:44:47.824,0,[],0
68,2009-04-15 21:58:21.515,0,[],0
69,2009-04-16 01:12:20.362,0,[],0
70,2009-04-16 06:07:23.423,0,[],0
71,2009-04-16 09:22:51.936,0,[],0
72,2009-04-16 12:42:23.564,1,"[{'lat': -60.203, 'long': -26.858, 'Time': Timestamp('2009-04-16 14:57:06'), 'mag': 6.7}, {'lat': -60.382, 'long': -26.924, 'Time': Timestamp('2009-04-16 15:03:40'), 'mag': 5.0}, {'lat': -60.236, 'long': -26.938, 'Time': Timestamp('2009-04-16 15:13:18'), 'mag': 5.0}]",3
73,2009-04-16 15:59:51.821,0,[],0
74,2009-04-16 19:14:23.670,0,[],0
75,2009-04-16 22:28:23.723,0,[],0
76,2009-04-17 01:42:22.527,1,"[{'lat': 14.817, 'long': 144.533, 'Time': Timestamp('2009-04-17 07:04:20'), 'mag': 5.0}, {'lat': 14.817, 'long': 144.533, 'Time': Timestamp('2009-04-17 07:04:20'), 'mag': 5.0}, {'lat': -7.425, 'long': 128.244, 'Time': Timestamp('2009-04-17 04:09:59'), 'mag': 5.4}, {'lat': -7.425, 'long': 128.244, 'Time': Timestamp('2009-04-17 04:09:59'), 'mag': 5.4}]",4
77,2009-04-17 06:37:57.596,0,[],0
78,2009-04-17 09:53:22.337,0,[],0
79,2009-04-17 13:12:53.965,0,[],0
80,2009-04-17 16:29:54.018,0,[],0
81,2009-04-17 19:44:24.072,0,[],0
82,2009-04-17 22:57:53.124,1,"[{'lat': -28.915, 'long': -177.445, 'Time': Timestamp('2009-04-18 02:03:52'), 'mag': 5.8}, {'lat': -28.915, 'long': -177.445, 'Time': Timestamp('2009-04-18 02:03:52'), 'mag': 5.8}, {'lat': -28.915, 'long': -177.445, 'Time': Timestamp('2009-04-18 02:03:52'), 'mag': 5.8}]",3
83,2009-04-18 02:12:21.928,0,[],0
84,2009-04-18 07:07:57.656,0,[],0
85,2009-04-18 10:23:48.189,0,[],0
86,2009-04-18 13:42:48.467,1,"[{'lat': -23.286, 'long': -68.296, 'Time': Timestamp('2009-04-18 15:29:19'), 'mag': 5.1}]",1
87,2009-04-18 16:59:53.420,0,[],0
88,2009-04-18 20:13:53.473,0,[],0
89,2009-04-18 23:27:23.526,1,"[{'lat': 53.13, 'long': 170.953, 'Time': Timestamp('2009-04-18 23:31:23'), 'mag': 5.3}, {'lat': 53.13, 'long': 170.953, 'Time': Timestamp('2009-04-18 23:31:23'), 'mag': 5.3}, {'lat': 53.13, 'long': 170.953, 'Time': Timestamp('2009-04-18 23:31:23'), 'mag': 5.3}]",3
90,2009-04-19 07:37:51.081,0,[],0
91,2009-04-19 10:54:20.812,0,[],0
92,2009-04-19 14:13:13.879,0,[],0
93,2009-04-19 20:43:23.874,0,[],0
94,2009-04-19 23:57:24.117,0,[],0
95,2009-04-20 04:52:02.936,0,[],0
96,2009-04-20 08:08:24.362,0,[],0
97,2009-04-20 11:25:23.114,0,[],0
98,2009-04-20 14:43:52.142,0,[],0
99,2009-04-20 17:59:23.222,0,[],0
100,2009-04-20 21:13:23.275,0,[],0
101,2009-04-21 00:26:45.326,1,"[{'lat': -19.772, 'long': 169.939, 'Time': Timestamp('2009-04-21 00:53:13'), 'mag': 5.8}, {'lat': -19.772, 'long': 169.939, 'Time': Timestamp('2009-04-21 00:53:13'), 'mag': 5.8}, {'lat': 50.833, 'long': 155.009, 'Time': Timestamp('2009-04-21 05:26:11'), 'mag': 6.2}, {'lat': 50.833, 'long': 155.009, 'Time': Timestamp('2009-04-21 05:26:11'), 'mag': 6.2}, {'lat': 44.516, 'long': 148.065, 'Time': Timestamp('2009-04-21 01:16:47'), 'mag': 5.0}, {'lat': 50.833, 'long': 155.009, 'Time': Timestamp('2009-04-21 05:26:11'), 'mag': 6.2}, {'lat': 44.516, 'long': 148.065, 'Time': Timestamp('2009-04-21 01:16:47'), 'mag': 5.0}]",7
102,2009-04-21 06:59:56.727,0,[],0
103,2009-04-21 10:15:54.683,0,[],0
104,2009-04-21 13:34:53.543,0,[],0
105,2009-04-21 16:51:53.596,0,[],0
106,2009-04-21 20:05:53.649,0,[],0
107,2009-04-22 00:56:52.590,1,"[{'lat': -13.65, 'long': 167.212, 'Time': Timestamp('2009-04-22 01:48:26'), 'mag': 5.3}, {'lat': -13.65, 'long': 167.212, 'Time': Timestamp('2009-04-22 01:48:26'), 'mag': 5.3}, {'lat': -13.65, 'long': 167.212, 'Time': Timestamp('2009-04-22 01:48:26'), 'mag': 5.3}]",3
108,2009-04-22 05:51:54.780,1,"[{'lat': 40.027, 'long': 77.233, 'Time': Timestamp('2009-04-22 09:26:03'), 'mag': 5.0}, {'lat': 40.027, 'long': 77.233, 'Time': Timestamp('2009-04-22 09:26:03'), 'mag': 5.0}, {'lat': 40.027, 'long': 77.233, 'Time': Timestamp('2009-04-22 09:26:03'), 'mag': 5.0}]",3
109,2009-04-22 09:06:50.849,0,[],0
110,2009-04-22 12:26:23.917,0,[],0
111,2009-04-22 15:43:54.060,0,[],0
112,2009-04-22 22:12:24.077,0,[],0
113,2009-04-23 01:26:50.116,1,"[{'lat': 55.855, 'long': 161.066, 'Time': Timestamp('2009-04-23 02:11:43'), 'mag': 5.2}, {'lat': 55.855, 'long': 161.066, 'Time': Timestamp('2009-04-23 02:11:43'), 'mag': 5.2}]",2
114,2009-04-23 06:21:56.090,0,[],0
115,2009-04-23 09:37:17.819,0,[],0
116,2009-04-23 12:56:53.542,0,[],0
117,2009-04-23 16:13:53.596,0,[],0
118,2009-04-23 19:28:23.649,0,[],0
119,2009-04-23 22:42:23.703,0,[],0
120,2009-04-24 11:47:53.917,0,[],0
121,2009-04-24 15:05:53.056,0,[],0
122,2009-04-24 18:21:24.024,0,[],0
123,2009-04-25 07:22:24.755,0,[],0
124,2009-04-25 10:38:20.713,0,[],0
125,2009-04-25 13:57:19.662,0,[],0
126,2009-04-25 17:13:49.716,0,[],0
127,2009-04-25 20:27:50.986,0,[],0
128,2009-04-25 23:41:53.504,0,[],0
129,2009-04-26 07:52:26.931,0,[],0
130,2009-04-26 11:09:23.692,0,[],0
131,2009-04-26 14:27:53.601,0,[],0
132,2009-04-26 20:57:53.852,0,[],0
133,2009-04-27 00:11:18.570,0,[],0
134,2009-04-27 08:20:53.682,0,[],0
135,2009-04-27 11:39:53.093,0,[],0
136,2009-04-27 14:57:52.121,0,[],0
137,2009-04-27 18:13:23.200,0,[],0
138,2009-04-27 21:27:23.253,0,[],0
139,2009-04-28 00:41:20.840,0,[],0
140,2009-04-28 08:51:20.427,0,[],0
141,2009-04-28 12:10:23.494,0,[],0
142,2009-04-28 15:28:18.649,1,"[{'lat': 52.666, 'long': -35.028, 'Time': Timestamp('2009-04-28 19:54:35'), 'mag': 5.6}, {'lat': 52.666, 'long': -35.028, 'Time': Timestamp('2009-04-28 19:54:35'), 'mag': 5.6}, {'lat': -48.293, 'long': -75.955, 'Time': Timestamp('2009-04-28 15:29:32'), 'mag': 5.1}, {'lat': -48.293, 'long': -75.955, 'Time': Timestamp('2009-04-28 15:29:32'), 'mag': 5.1}]",4
143,2009-04-28 18:43:18.156,0,[],0
144,2009-04-28 21:56:53.175,0,[],0
145,2009-04-29 01:10:50.694,0,[],0
146,2009-04-29 06:06:22.427,0,[],0
147,2009-04-29 09:21:23.768,0,[],0
148,2009-04-29 12:40:54.067,0,[],0
149,2009-04-29 22:26:53.227,0,[],0
150,2009-04-30 04:58:32.263,0,[],0
151,2009-04-30 08:14:56.568,1,"[{'lat': 27.742, 'long': 61.422, 'Time': Timestamp('2009-04-30 10:04:26'), 'mag': 5.2}, {'lat': 27.742, 'long': 61.422, 'Time': Timestamp('2009-04-30 10:04:26'), 'mag': 5.2}, {'lat': 27.742, 'long': 61.422, 'Time': Timestamp('2009-04-30 10:04:26'), 'mag': 5.2}]",3
152,2009-04-30 11:31:53.441,0,[],0
153,2009-04-30 14:50:25.236,0,[],0
154,2009-04-30 18:05:53.549,0,[],0
155,2009-04-30 21:19:23.602,0,[],0
156,2009-05-01 00:33:20.976,1,"[{'lat': -10.77, 'long': 162.219, 'Time': Timestamp('2009-05-01 06:03:05'), 'mag': 5.9}, {'lat': -10.77, 'long': 162.219, 'Time': Timestamp('2009-05-01 06:03:05'), 'mag': 5.9}, {'lat': -10.77, 'long': 162.219, 'Time': Timestamp('2009-05-01 06:03:05'), 'mag': 5.9}, {'lat': -2.983, 'long': 147.824, 'Time': Timestamp('2009-05-01 02:15:08'), 'mag': 5.0}, {'lat': -2.983, 'long': 147.824, 'Time': Timestamp('2009-05-01 02:15:08'), 'mag': 5.0}, {'lat': -2.983, 'long': 147.824, 'Time': Timestamp('2009-05-01 02:15:08'), 'mag': 5.0}]",6
157,2009-05-01 07:06:27.054,1,"[{'lat': -4.976, 'long': 68.579, 'Time': Timestamp('2009-05-01 07:18:58'), 'mag': 5.1}, {'lat': -4.976, 'long': 68.579, 'Time': Timestamp('2009-05-01 07:18:58'), 'mag': 5.1}]",2
158,2009-05-01 10:22:20.913,0,[],0
159,2009-05-01 13:41:53.870,0,[],0
160,2009-05-01 16:58:23.923,0,[],0
161,2009-05-01 20:12:23.976,0,[],0
162,2009-05-01 23:26:24.029,1,"[{'lat': 54.531, 'long': -161.52, 'Time': Timestamp('2009-05-02 02:19:12'), 'mag': 5.6}, {'lat': 54.531, 'long': -161.52, 'Time': Timestamp('2009-05-02 02:19:12'), 'mag': 5.6}, {'lat': 54.531, 'long': -161.52, 'Time': Timestamp('2009-05-02 02:19:12'), 'mag': 5.6}]",3
163,2009-05-02 07:36:53.353,0,[],0
164,2009-05-02 10:53:23.082,0,[],0
165,2009-05-02 14:11:44.711,0,[],0
166,2009-05-02 17:28:21.081,0,[],0
167,2009-05-02 23:55:50.852,0,[],0
168,2009-05-03 03:12:22.346,0,[],0
169,2009-05-03 06:28:22.399,0,[],0
170,2009-05-03 09:44:20.689,0,[],0
171,2009-05-03 13:03:23.645,0,[],0
172,2009-05-03 22:48:53.805,0,[],0
173,2009-05-04 06:58:27.231,0,[],0
174,2009-05-04 10:14:53.858,0,[],0
175,2009-05-04 13:33:54.046,0,[],0
176,2009-05-04 16:50:23.100,0,[],0
177,2009-05-04 20:04:53.153,0,[],0
178,2009-05-04 23:18:23.206,1,"[{'lat': -17.656, 'long': -173.243, 'Time': Timestamp('2009-05-05 03:20:05'), 'mag': 5.0}, {'lat': -17.656, 'long': -173.243, 'Time': Timestamp('2009-05-05 03:20:05'), 'mag': 5.0}, {'lat': -17.656, 'long': -173.243, 'Time': Timestamp('2009-05-05 03:20:05'), 'mag': 5.0}]",3
179,2009-05-05 07:28:52.536,0,[],0
180,2009-05-05 10:45:20.491,0,[],0
181,2009-05-05 14:03:52.086,0,[],0
182,2009-05-05 17:20:23.501,0,[],0
183,2009-05-05 20:34:23.554,0,[],0
184,2009-05-05 23:48:23.606,0,[],0
185,2009-05-06 07:58:51.274,0,[],0
186,2009-05-06 11:15:53.998,0,[],0
187,2009-05-06 14:34:19.923,0,[],0
188,2009-05-06 21:03:53.159,0,[],0
189,2009-05-07 00:17:50.533,0,[],0
190,2009-05-07 03:34:53.678,0,[],0
191,2009-05-07 06:50:52.962,0,[],0
192,2009-05-07 10:06:54.567,0,[],0
193,2009-05-07 13:25:53.427,0,[],0
194,2009-05-07 16:42:53.480,1,"[{'lat': -55.713, 'long': -124.577, 'Time': Timestamp('2009-05-07 22:28:52'), 'mag': 5.5}]",1
195,2009-05-07 19:56:53.533,1,"[{'lat': -55.713, 'long': -124.577, 'Time': Timestamp('2009-05-07 22:28:52'), 'mag': 5.5}]",1
196,2009-05-07 23:10:53.586,0,[],0
197,2009-05-08 07:20:52.917,0,[],0
198,2009-05-08 10:37:24.967,0,[],0
199,2009-05-08 13:56:23.828,0,[],0
200,2009-05-08 17:12:23.881,0,[],0
201,2009-05-08 20:26:53.934,0,[],0
202,2009-05-08 23:40:23.987,0,[],0
203,2009-05-09 11:07:53.175,0,[],0
204,2009-05-09 19:19:23.309,0,[],0
205,2009-05-09 22:33:23.362,0,[],0
206,2009-05-10 06:42:54.467,0,[],0
207,2009-05-10 10:01:06.473,0,[],0
208,2009-05-10 13:17:51.583,0,[],0
209,2009-05-10 23:02:51.520,0,[],0
210,2009-05-11 08:49:50.910,0,[],0
211,2009-05-11 12:08:53.977,1,"[{'lat': -30.054, 'long': -13.899, 'Time': Timestamp('2009-05-11 14:32:30'), 'mag': 5.2}, {'lat': -30.054, 'long': -13.899, 'Time': Timestamp('2009-05-11 14:32:30'), 'mag': 5.2}, {'lat': -30.054, 'long': -13.899, 'Time': Timestamp('2009-05-11 14:32:30'), 'mag': 5.2}]",3
212,2009-05-11 15:26:49.132,0,[],0
213,2009-05-11 18:41:48.966,0,[],0
214,2009-05-11 21:55:51.330,0,[],0
215,2009-05-12 01:09:47.521,1,"[{'lat': -5.664, 'long': 149.543, 'Time': Timestamp('2009-05-12 01:26:26'), 'mag': 6.1}, {'lat': -5.664, 'long': 149.543, 'Time': Timestamp('2009-05-12 01:26:26'), 'mag': 6.1}, {'lat': -5.664, 'long': 149.543, 'Time': Timestamp('2009-05-12 01:26:26'), 'mag': 6.1}, {'lat': 13.082, 'long': 145.412, 'Time': Timestamp('2009-05-12 03:30:31'), 'mag': 5.5}, {'lat': 13.082, 'long': 145.412, 'Time': Timestamp('2009-05-12 03:30:31'), 'mag': 5.5}, {'lat': 13.082, 'long': 145.412, 'Time': Timestamp('2009-05-12 03:30:31'), 'mag': 5.5}]",6
216,2009-05-12 06:04:56.005,0,[],0
217,2009-05-12 10:59:53.217,0,[],0
218,2009-05-12 14:18:24.477,0,[],0
219,2009-05-12 17:34:53.459,0,[],0
220,2009-05-12 20:48:23.512,0,[],0
221,2009-05-13 00:02:23.565,1,"[{'lat': -6.401, 'long': 154.932, 'Time': Timestamp('2009-05-13 01:15:21'), 'mag': 5.1}, {'lat': -6.401, 'long': 154.932, 'Time': Timestamp('2009-05-13 01:15:21'), 'mag': 5.1}, {'lat': -6.401, 'long': 154.932, 'Time': Timestamp('2009-05-13 01:15:21'), 'mag': 5.1}]",3
222,2009-05-13 08:13:24.000,0,[],0
223,2009-05-13 11:30:23.753,0,[],0
224,2009-05-13 14:48:52.986,0,[],0
225,2009-05-13 18:04:24.066,0,[],0
226,2009-05-13 21:18:23.119,1,"[{'lat': -15.75, 'long': -173.49, 'Time': Timestamp('2009-05-13 21:31:17'), 'mag': 5.8}, {'lat': -15.75, 'long': -173.49, 'Time': Timestamp('2009-05-13 21:31:17'), 'mag': 5.8}, {'lat': -15.75, 'long': -173.49, 'Time': Timestamp('2009-05-13 21:31:17'), 'mag': 5.8}]",3
227,2009-05-14 00:32:17.937,0,[],0
228,2009-05-14 05:26:55.663,0,[],0
229,2009-05-14 08:41:50.292,0,[],0
230,2009-05-14 12:00:53.360,0,[],0
231,2009-05-14 15:18:51.170,0,[],0
232,2009-05-14 23:24:53.546,0,[],0
233,2009-05-15 07:35:25.198,0,[],0
234,2009-05-15 10:51:50.832,0,[],0
235,2009-05-15 14:10:45.228,0,[],0
236,2009-05-15 17:26:53.842,0,[],0
237,2009-05-15 22:17:53.921,0,[],0
238,2009-05-16 01:31:52.288,0,[],0
239,2009-05-16 06:27:25.025,0,[],0
240,2009-05-16 11:22:23.135,0,[],0
241,2009-05-16 14:40:50.723,0,[],0
242,2009-05-16 17:56:53.243,0,[],0
243,2009-05-16 21:10:23.295,0,[],0
244,2009-05-17 00:24:15.347,1,"[{'lat': 54.092, 'long': 169.115, 'Time': Timestamp('2009-05-17 02:03:27'), 'mag': 5.2}, {'lat': 54.092, 'long': 169.115, 'Time': Timestamp('2009-05-17 02:03:27'), 'mag': 5.2}]",2
245,2009-05-17 10:13:24.704,0,[],0
246,2009-05-17 13:32:23.564,0,[],0
247,2009-05-17 16:49:23.617,0,[],0
248,2009-05-17 20:03:23.670,0,[],0
249,2009-05-17 23:17:23.723,0,[],0
250,2009-05-18 07:27:23.054,0,[],0
251,2009-05-18 10:43:47.795,0,[],0
252,2009-05-18 14:02:51.275,1,"[{'lat': -44.885, 'long': -80.76, 'Time': Timestamp('2009-05-18 17:26:29'), 'mag': 5.1}]",1
253,2009-05-18 23:46:53.124,0,[],0
254,2009-05-19 04:41:22.725,1,"[{'lat': -7.106, 'long': 67.865, 'Time': Timestamp('2009-05-19 07:04:16'), 'mag': 5.0}, {'lat': -7.045, 'long': 68.025, 'Time': Timestamp('2009-05-19 07:22:43'), 'mag': 5.0}]",2
255,2009-05-19 07:57:50.791,0,[],0
256,2009-05-19 11:14:23.311,0,[],0
257,2009-05-19 14:32:50.564,0,[],0
258,2009-05-19 21:02:53.472,0,[],0
259,2009-05-20 00:16:52.286,0,[],0
260,2009-05-20 05:11:23.126,1,"[{'lat': -7.143, 'long': 67.966, 'Time': Timestamp('2009-05-20 09:57:42'), 'mag': 5.3}, {'lat': -7.101, 'long': 68.021, 'Time': Timestamp('2009-05-20 10:03:12'), 'mag': 5.0}, {'lat': -7.143, 'long': 67.966, 'Time': Timestamp('2009-05-20 09:57:42'), 'mag': 5.3}, {'lat': -7.101, 'long': 68.021, 'Time': Timestamp('2009-05-20 10:03:12'), 'mag': 5.0}, {'lat': -7.143, 'long': 67.966, 'Time': Timestamp('2009-05-20 09:57:42'), 'mag': 5.3}, {'lat': -7.101, 'long': 68.021, 'Time': Timestamp('2009-05-20 10:03:12'), 'mag': 5.0}]",6
261,2009-05-20 08:27:54.853,0,[],0
262,2009-05-20 11:44:53.918,0,[],0
263,2009-05-20 15:03:23.058,0,[],0
264,2009-05-20 18:18:52.676,0,[],0
265,2009-05-20 21:32:24.079,1,"[{'lat': -15.293, 'long': -173.24, 'Time': Timestamp('2009-05-21 00:29:41'), 'mag': 5.1}, {'lat': -15.293, 'long': -173.24, 'Time': Timestamp('2009-05-21 00:29:41'), 'mag': 5.1}, {'lat': -15.293, 'long': -173.24, 'Time': Timestamp('2009-05-21 00:29:41'), 'mag': 5.1}]",3
266,2009-05-21 00:46:17.898,0,[],0
267,2009-05-21 05:41:24.184,0,[],0
268,2009-05-21 08:56:20.252,0,[],0
269,2009-05-21 12:15:53.320,0,[],0
270,2009-05-21 15:33:18.475,0,[],0
271,2009-05-21 18:48:23.427,1,"[{'lat': 13.875, 'long': -90.742, 'Time': Timestamp('2009-05-22 00:24:21'), 'mag': 5.5}]",1
272,2009-05-21 22:02:23.480,0,[],0
273,2009-05-22 01:16:20.519,0,[],0
274,2009-05-22 06:11:25.913,0,[],0
275,2009-05-22 09:26:46.669,0,[],0
276,2009-05-22 12:45:53.721,0,[],0
277,2009-05-22 16:03:21.979,0,[],0
278,2009-05-23 00:08:50.001,1,"[{'lat': -24.381, 'long': 178.846, 'Time': Timestamp('2009-05-23 02:59:28'), 'mag': 5.5}, {'lat': -24.381, 'long': 178.846, 'Time': Timestamp('2009-05-23 02:59:28'), 'mag': 5.5}, {'lat': 14.029, 'long': 145.162, 'Time': Timestamp('2009-05-23 00:40:07'), 'mag': 5.1}, {'lat': 14.029, 'long': 145.162, 'Time': Timestamp('2009-05-23 00:40:07'), 'mag': 5.1}, {'lat': 14.029, 'long': 145.162, 'Time': Timestamp('2009-05-23 00:40:07'), 'mag': 5.1}]",5
279,2009-05-23 08:18:21.017,0,[],0
280,2009-05-23 16:33:23.176,0,[],0
281,2009-05-23 19:47:53.229,0,[],0
282,2009-05-23 23:01:53.282,1,"[{'lat': -31.475, 'long': -177.683, 'Time': Timestamp('2009-05-24 00:58:02'), 'mag': 6.0}, {'lat': -31.409, 'long': -177.618, 'Time': Timestamp('2009-05-24 02:00:13'), 'mag': 5.3}, {'lat': -31.358, 'long': -177.753, 'Time': Timestamp('2009-05-24 03:21:49'), 'mag': 5.0}, {'lat': -31.475, 'long': -177.683, 'Time': Timestamp('2009-05-24 00:58:02'), 'mag': 6.0}, {'lat': -31.409, 'long': -177.618, 'Time': Timestamp('2009-05-24 02:00:13'), 'mag': 5.3}, {'lat': -31.358, 'long': -177.753, 'Time': Timestamp('2009-05-24 03:21:49'), 'mag': 5.0}, {'lat': -31.475, 'long': -177.683, 'Time': Timestamp('2009-05-24 00:58:02'), 'mag': 6.0}, {'lat': -31.409, 'long': -177.618, 'Time': Timestamp('2009-05-24 02:00:13'), 'mag': 5.3}, {'lat': -31.358, 'long': -177.753, 'Time': Timestamp('2009-05-24 03:21:49'), 'mag': 5.0}]",9
283,2009-05-24 08:48:21.757,0,[],0
284,2009-05-24 12:07:53.497,0,[],0
285,2009-05-24 15:25:55.515,0,[],0
286,2009-05-24 21:54:21.849,0,[],0
287,2009-05-25 01:08:19.368,0,[],0
288,2009-05-25 06:03:23.757,0,[],0
289,2009-05-25 09:18:50.272,0,[],0
290,2009-05-25 15:55:50.715,0,[],0
291,2009-05-25 19:10:19.329,0,[],0
292,2009-05-25 22:24:24.057,0,[],0
293,2009-05-26 01:38:16.772,0,[],0
294,2009-05-26 06:33:55.602,0,[],0
295,2009-05-26 09:49:21.671,0,[],0
296,2009-05-26 13:08:53.299,0,[],0
297,2009-05-26 16:25:53.353,0,[],0
298,2009-05-26 19:40:23.406,1,"[{'lat': -54.25, 'long': -133.75, 'Time': Timestamp('2009-05-27 00:02:48'), 'mag': 5.2}, {'lat': -54.25, 'long': -133.75, 'Time': Timestamp('2009-05-27 00:02:48'), 'mag': 5.2}, {'lat': -54.25, 'long': -133.75, 'Time': Timestamp('2009-05-27 00:02:48'), 'mag': 5.2}]",3
299,2009-05-26 22:53:53.458,1,"[{'lat': -19.215, 'long': -172.793, 'Time': Timestamp('2009-05-27 02:08:45'), 'mag': 5.2}, {'lat': -19.215, 'long': -172.793, 'Time': Timestamp('2009-05-27 02:08:45'), 'mag': 5.2}, {'lat': -19.215, 'long': -172.793, 'Time': Timestamp('2009-05-27 02:08:45'), 'mag': 5.2}]",3
300,2009-05-27 08:40:49.278,0,[],0
301,2009-05-27 11:59:53.883,0,[],0
302,2009-05-27 15:17:51.694,0,[],0
303,2009-05-27 21:46:50.908,0,[],0
304,2009-05-28 01:00:50.630,0,[],0
305,2009-05-28 05:55:55.476,0,[],0
306,2009-05-28 09:10:50.217,0,[],0
307,2009-05-28 12:30:23.284,0,[],0
308,2009-05-28 15:47:53.428,0,[],0
309,2009-05-28 19:02:49.385,1,"[{'lat': 18.537, 'long': -106.243, 'Time': Timestamp('2009-05-28 21:32:26'), 'mag': 5.3}, {'lat': 18.45, 'long': -106.459, 'Time': Timestamp('2009-05-28 22:57:19'), 'mag': 5.4}, {'lat': 18.537, 'long': -106.243, 'Time': Timestamp('2009-05-28 21:32:26'), 'mag': 5.3}, {'lat': 18.45, 'long': -106.459, 'Time': Timestamp('2009-05-28 22:57:19'), 'mag': 5.4}, {'lat': 18.537, 'long': -106.243, 'Time': Timestamp('2009-05-28 21:32:26'), 'mag': 5.3}, {'lat': 18.45, 'long': -106.459, 'Time': Timestamp('2009-05-28 22:57:19'), 'mag': 5.4}]",6
310,2009-05-28 22:16:23.444,0,[],0
311,2009-05-29 01:30:50.484,0,[],0
312,2009-05-29 04:48:02.480,0,[],0
313,2009-05-29 08:04:19.141,0,[],0
314,2009-05-29 11:21:23.659,0,[],0
315,2009-05-29 14:39:51.246,0,[],0
316,2009-05-29 17:55:23.766,0,[],0
317,2009-05-29 22:46:23.845,0,[],0
318,2009-05-30 08:32:49.664,0,[],0
319,2009-05-30 11:51:54.059,0,[],0
320,2009-05-30 15:09:52.198,0,[],0
321,2009-05-30 18:25:23.167,0,[],0
322,2009-05-30 21:38:53.220,0,[],0
323,2009-05-31 00:52:48.039,0,[],0
324,2009-05-31 05:47:54.325,0,[],0
325,2009-05-31 09:03:20.393,0,[],0
326,2009-05-31 12:22:23.461,0,[],0
327,2009-05-31 15:39:50.167,0,[],0
328,2009-05-31 18:54:53.568,0,[],0
329,2009-06-01 07:56:23.414,0,[],0
330,2009-06-01 11:13:23.835,0,[],0
331,2009-06-01 14:31:41.568,0,[],0
332,2009-06-01 21:01:20.313,0,[],0
333,2009-06-02 00:15:22.910,1,"[{'lat': -17.757, 'long': 167.949, 'Time': Timestamp('2009-06-02 02:17:03'), 'mag': 6.3}, {'lat': -17.761, 'long': 167.857, 'Time': Timestamp('2009-06-02 02:26:53'), 'mag': 5.7}, {'lat': -17.671, 'long': 167.686, 'Time': Timestamp('2009-06-02 02:50:33'), 'mag': 5.0}, {'lat': -17.777, 'long': 167.885, 'Time': Timestamp('2009-06-02 02:55:14'), 'mag': 5.5}, {'lat': -17.757, 'long': 167.949, 'Time': Timestamp('2009-06-02 02:17:03'), 'mag': 6.3}, {'lat': -17.761, 'long': 167.857, 'Time': Timestamp('2009-06-02 02:26:53'), 'mag': 5.7}, {'lat': -17.671, 'long': 167.686, 'Time': Timestamp('2009-06-02 02:50:33'), 'mag': 5.0}, {'lat': -17.777, 'long': 167.885, 'Time': Timestamp('2009-06-02 02:55:14'), 'mag': 5.5}, {'lat': -17.757, 'long': 167.949, 'Time': Timestamp('2009-06-02 02:17:03'), 'mag': 6.3}, {'lat': -17.761, 'long': 167.857, 'Time': Timestamp('2009-06-02 02:26:53'), 'mag': 5.7}, {'lat': -17.671, 'long': 167.686, 'Time': Timestamp('2009-06-02 02:50:33'), 'mag': 5.0}, {'lat': -17.777, 'long': 167.885, 'Time': Timestamp('2009-06-02 02:55:14'), 'mag': 5.5}]",12
334,2009-06-02 08:24:51.497,0,[],0
335,2009-06-02 11:43:53.236,0,[],0
336,2009-06-02 15:01:53.704,0,[],0
337,2009-06-02 18:17:23.343,0,[],0
338,2009-06-03 08:55:20.570,0,[],0
339,2009-06-03 12:14:23.850,0,[],0
340,2009-06-03 15:32:19.005,0,[],0
341,2009-06-03 22:00:54.010,0,[],0
342,2009-06-04 07:48:43.283,0,[],0
343,2009-06-04 11:05:23.224,0,[],0
344,2009-06-04 14:23:54.462,0,[],0
345,2009-06-04 17:39:53.332,0,[],0
346,2009-06-04 20:53:53.385,0,[],0
347,2009-06-05 00:07:49.531,0,[],0
348,2009-06-05 05:02:32.447,0,[],0
349,2009-06-05 08:18:50.659,0,[],0
350,2009-06-05 11:35:53.625,0,[],0
351,2009-06-05 14:54:21.324,0,[],0
352,2009-06-05 18:09:53.733,1,"[{'lat': 2.101, 'long': -96.468, 'Time': Timestamp('2009-06-05 22:03:21'), 'mag': 5.0}, {'lat': 2.101, 'long': -96.468, 'Time': Timestamp('2009-06-05 22:03:21'), 'mag': 5.0}, {'lat': 2.101, 'long': -96.468, 'Time': Timestamp('2009-06-05 22:03:21'), 'mag': 5.0}]",3
353,2009-06-06 08:47:20.959,0,[],0
354,2009-06-06 12:06:24.026,0,[],0
355,2009-06-06 15:24:18.181,1,"[{'lat': 23.864, 'long': -46.105, 'Time': Timestamp('2009-06-06 20:33:28'), 'mag': 6.0}, {'lat': 23.864, 'long': -46.105, 'Time': Timestamp('2009-06-06 20:33:28'), 'mag': 6.0}, {'lat': 23.864, 'long': -46.105, 'Time': Timestamp('2009-06-06 20:33:28'), 'mag': 6.0}]",3
356,2009-06-06 18:39:19.016,0,[],0
357,2009-06-06 21:53:21.379,0,[],0
358,2009-06-07 01:07:17.570,0,[],0
359,2009-06-07 06:02:26.055,0,[],0
360,2009-06-07 09:17:51.800,0,[],0
361,2009-06-07 12:36:53.427,1,"[{'lat': -36.696, 'long': -20.074, 'Time': Timestamp('2009-06-07 17:48:39'), 'mag': 5.2}, {'lat': -36.696, 'long': -20.074, 'Time': Timestamp('2009-06-07 17:48:39'), 'mag': 5.2}, {'lat': -36.696, 'long': -20.074, 'Time': Timestamp('2009-06-07 17:48:39'), 'mag': 5.2}]",3
362,2009-06-07 22:22:53.588,1,"[{'lat': 58.7695, 'long': -136.6582, 'Time': Timestamp('2009-06-07 23:24:35'), 'mag': 5.0}, {'lat': 58.7695, 'long': -136.6582, 'Time': Timestamp('2009-06-07 23:24:35'), 'mag': 5.0}, {'lat': -22.912, 'long': -174.96, 'Time': Timestamp('2009-06-08 03:31:49'), 'mag': 5.0}, {'lat': -22.912, 'long': -174.96, 'Time': Timestamp('2009-06-08 03:31:49'), 'mag': 5.0}]",4
363,2009-06-08 01:37:16.967,0,[],0
364,2009-06-08 06:32:20.474,0,[],0
365,2009-06-08 09:48:20.873,0,[],0
366,2009-06-08 13:07:23.829,0,[],0
367,2009-06-08 16:24:23.883,1,"[{'lat': -8.693, 'long': -71.506, 'Time': Timestamp('2009-06-08 20:20:05'), 'mag': 5.4}, {'lat': -8.693, 'long': -71.506, 'Time': Timestamp('2009-06-08 20:20:05'), 'mag': 5.4}, {'lat': -8.693, 'long': -71.506, 'Time': Timestamp('2009-06-08 20:20:05'), 'mag': 5.4}]",3
368,2009-06-08 19:38:48.814,0,[],0
369,2009-06-19 10:25:20.833,1,"[{'lat': 35.358, 'long': 28.453, 'Time': Timestamp('2009-06-19 14:04:59'), 'mag': 5.8}, {'lat': 35.358, 'long': 28.453, 'Time': Timestamp('2009-06-19 14:04:59'), 'mag': 5.8}]",2
370,2009-06-19 13:44:23.789,0,[],0
371,2009-06-19 17:00:53.843,0,[],0
372,2009-06-19 20:15:23.895,0,[],0
373,2009-06-19 23:28:53.949,0,[],0
374,2009-06-20 07:39:22.715,0,[],0
375,2009-06-20 10:56:23.002,0,[],0
376,2009-06-20 14:14:51.606,0,[],0
377,2009-06-20 17:30:53.244,0,[],0
378,2009-06-20 20:44:53.297,0,[],0
379,2009-06-20 23:58:53.350,0,[],0
380,2009-06-21 06:31:24.306,0,[],0
381,2009-06-21 09:47:36.993,0,[],0
382,2009-06-21 13:06:23.564,0,[],0
383,2009-06-21 22:51:23.724,0,[],0
384,2009-06-22 07:02:01.682,0,[],0
385,2009-06-22 10:17:21.010,0,[],0
386,2009-06-22 13:36:53.966,0,[],0
387,2009-06-22 16:53:24.019,0,[],0
388,2009-06-22 20:07:24.072,0,[],0
389,2009-06-22 23:21:23.125,0,[],0
390,2009-06-23 07:31:52.891,0,[],0
391,2009-06-23 10:48:23.179,0,[],0
392,2009-06-23 14:06:46.136,0,[],0
393,2009-06-23 17:23:23.421,0,[],0
394,2009-06-23 20:37:23.473,0,[],0
395,2009-06-24 08:01:50.636,0,[],0
396,2009-06-24 12:58:21.943,0,[],0
397,2009-06-24 22:43:53.122,0,[],0
398,2009-06-25 06:53:24.216,0,[],0
399,2009-06-25 10:09:50.408,1,"[{'lat': -23.811, 'long': -13.434, 'Time': Timestamp('2009-06-25 12:34:17'), 'mag': 5.3}, {'lat': -23.811, 'long': -13.434, 'Time': Timestamp('2009-06-25 12:34:17'), 'mag': 5.3}, {'lat': -23.811, 'long': -13.434, 'Time': Timestamp('2009-06-25 12:34:17'), 'mag': 5.3}]",3
400,2009-06-25 13:28:53.363,0,[],0
401,2009-06-25 16:45:23.417,0,[],0
402,2009-06-25 19:59:53.470,0,[],0
403,2009-06-25 23:13:23.523,0,[],0
404,2009-06-26 07:23:53.289,0,[],0
405,2009-06-26 10:40:20.809,0,[],0
406,2009-06-26 13:59:24.725,0,[],0
407,2009-06-26 17:15:23.819,0,[],0
408,2009-06-26 20:29:23.871,0,[],0
409,2009-06-26 23:43:23.924,0,[],0
410,2009-06-27 07:53:45.498,0,[],0
411,2009-06-27 11:10:53.112,1,"[{'lat': -33.201, 'long': -15.935, 'Time': Timestamp('2009-06-27 15:45:49'), 'mag': 5.6}, {'lat': -33.201, 'long': -15.935, 'Time': Timestamp('2009-06-27 15:45:49'), 'mag': 5.6}, {'lat': -33.201, 'long': -15.935, 'Time': Timestamp('2009-06-27 15:45:49'), 'mag': 5.6}]",3
412,2009-06-27 14:29:20.365,0,[],0
413,2009-06-27 17:45:23.220,0,[],0
414,2009-06-27 20:59:23.273,0,[],0
415,2009-06-28 00:12:50.748,0,[],0
416,2009-06-28 03:29:53.792,0,[],0
417,2009-06-28 08:24:20.557,0,[],0
418,2009-06-28 11:41:23.513,0,[],0
419,2009-06-28 14:59:51.212,0,[],0
420,2009-06-28 21:28:53.673,0,[],0
421,2009-06-29 00:42:52.588,0,[],0
422,2009-06-29 07:15:49.370,0,[],0
423,2009-06-29 10:32:19.769,0,[],0
424,2009-06-29 13:51:23.942,0,[],0
425,2009-06-29 17:07:53.995,0,[],0
426,2009-06-29 20:21:54.049,0,[],0
427,2009-06-29 23:35:23.101,0,[],0
428,2009-06-30 07:46:18.771,0,[],0
429,2009-06-30 11:02:53.289,0,[],0
430,2009-06-30 14:21:24.638,0,[],0
431,2009-06-30 17:37:23.396,0,[],0
432,2009-07-01 06:37:58.665,0,[],0
433,2009-07-01 09:53:50.981,0,[],0
434,2009-07-01 13:12:53.937,0,[],0
435,2009-07-02 05:29:55.615,1,"[{'lat': -1.053, 'long': 100.326, 'Time': Timestamp('2009-07-02 08:51:57'), 'mag': 5.1}, {'lat': -1.053, 'long': 100.326, 'Time': Timestamp('2009-07-02 08:51:57'), 'mag': 5.1}, {'lat': -1.053, 'long': 100.326, 'Time': Timestamp('2009-07-02 08:51:57'), 'mag': 5.1}]",3
436,2009-07-02 08:44:51.572,0,[],0
437,2009-07-02 12:03:53.311,0,[],0
438,2009-07-02 15:21:53.890,0,[],0
439,2009-07-02 18:37:19.301,0,[],0
440,2009-07-02 21:50:51.663,0,[],0
441,2009-07-03 01:04:51.058,0,[],0
442,2009-07-03 05:59:55.904,0,[],0
443,2009-07-03 09:15:23.412,0,[],0
444,2009-07-03 12:34:23.712,0,[],0
445,2009-07-03 15:51:49.760,0,[],0
446,2009-07-03 19:06:51.253,1,"[{'lat': 25.226, 'long': -109.76, 'Time': Timestamp('2009-07-03 20:30:35'), 'mag': 5.2}, {'lat': 25.226, 'long': -109.76, 'Time': Timestamp('2009-07-03 20:30:35'), 'mag': 5.2}, {'lat': 25.226, 'long': -109.76, 'Time': Timestamp('2009-07-03 20:30:35'), 'mag': 5.2}]",3
447,2009-07-03 22:20:23.873,0,[],0
448,2009-07-04 01:34:50.800,0,[],0
449,2009-07-04 06:29:52.086,0,[],0
450,2009-07-04 09:45:52.486,0,[],0
451,2009-07-04 13:04:53.114,0,[],0
452,2009-07-04 16:22:23.168,0,[],0
453,2009-07-04 19:36:53.220,0,[],0
454,2009-07-04 22:50:23.273,0,[],0
455,2009-07-05 02:04:50.860,0,[],0
456,2009-07-05 05:21:55.791,1,"[{'lat': 36.444, 'long': 71.081, 'Time': Timestamp('2009-07-05 09:45:48'), 'mag': 5.3}, {'lat': 36.444, 'long': 71.081, 'Time': Timestamp('2009-07-05 09:45:48'), 'mag': 5.3}]",2
457,2009-07-05 08:36:50.420,0,[],0
458,2009-07-05 11:55:53.488,0,[],0
459,2009-07-05 15:14:21.299,0,[],0
460,2009-07-05 21:43:20.513,0,[],0
461,2009-07-06 00:57:21.235,0,[],0
462,2009-07-06 05:52:26.081,0,[],0
463,2009-07-06 09:07:20.821,0,[],0
464,2009-07-06 12:26:53.890,0,[],0
465,2009-07-06 15:44:24.032,0,[],0
466,2009-07-06 18:59:19.990,0,[],0
467,2009-07-07 04:44:32.085,0,[],0
468,2009-07-07 08:00:47.418,0,[],0
469,2009-07-07 11:17:23.263,0,[],0
470,2009-07-07 14:36:19.300,1,"[{'lat': -29.364, 'long': -71.126, 'Time': Timestamp('2009-07-07 16:46:15'), 'mag': 5.4}, {'lat': -29.364, 'long': -71.126, 'Time': Timestamp('2009-07-07 16:46:15'), 'mag': 5.4}, {'lat': -29.364, 'long': -71.126, 'Time': Timestamp('2009-07-07 16:46:15'), 'mag': 5.4}]",3
471,2009-07-07 17:51:53.371,0,[],0
472,2009-07-07 21:05:53.424,0,[],0
473,2009-07-08 00:19:48.243,0,[],0
474,2009-07-08 06:52:20.448,0,[],0
475,2009-07-08 10:08:24.832,0,[],0
476,2009-07-08 13:27:23.692,0,[],0
477,2009-07-08 23:12:23.852,0,[],0
478,2009-07-09 07:22:53.618,0,[],0
479,2009-07-09 10:38:51.137,0,[],0
480,2009-07-09 13:57:51.285,0,[],0
481,2009-07-09 17:14:23.147,0,[],0
482,2009-07-09 20:28:23.199,1,"[{'lat': 44.53, 'long': -129.929, 'Time': Timestamp('2009-07-10 00:31:25'), 'mag': 5.3}]",1
483,2009-07-09 23:42:23.253,0,[],0
484,2009-07-10 07:52:44.827,0,[],0
485,2009-07-10 11:09:53.728,0,[],0
486,2009-07-10 14:28:20.981,0,[],0
487,2009-07-10 17:44:23.835,0,[],0
488,2009-07-11 01:49:21.502,0,[],0
489,2009-07-11 06:44:53.692,0,[],0
490,2009-07-11 10:00:21.528,0,[],0
491,2009-07-11 13:19:53.156,0,[],0
492,2009-07-11 16:36:23.209,0,[],0
493,2009-07-11 19:50:53.263,0,[],0
494,2009-07-11 23:04:53.316,0,[],0
495,2009-07-12 08:51:50.462,0,[],0
496,2009-07-12 12:10:53.531,0,[],0
497,2009-07-12 15:28:48.685,0,[],0
498,2009-07-12 18:43:48.191,0,[],0
499,2009-07-12 21:57:23.211,1,"[{'lat': -36.902, 'long': 178.255, 'Time': Timestamp('2009-07-12 23:01:09'), 'mag': 5.0}, {'lat': -36.902, 'long': 178.255, 'Time': Timestamp('2009-07-12 23:01:09'), 'mag': 5.0}]",2
500,2009-07-13 01:11:20.730,0,[],0
501,2009-07-13 06:06:54.673,0,[],0
502,2009-07-13 09:22:20.975,0,[],0
503,2009-07-13 12:41:23.931,0,[],0
504,2009-07-13 15:58:52.189,0,[],0
505,2009-07-13 19:13:24.038,1,"[{'lat': -53.174, 'long': -118.414, 'Time': Timestamp('2009-07-13 22:31:56'), 'mag': 5.2}, {'lat': -53.174, 'long': -118.414, 'Time': Timestamp('2009-07-13 22:31:56'), 'mag': 5.2}, {'lat': -53.174, 'long': -118.414, 'Time': Timestamp('2009-07-13 22:31:56'), 'mag': 5.2}]",3
506,2009-07-13 22:27:23.091,0,[],0
507,2009-07-14 06:36:58.281,0,[],0
508,2009-07-14 09:52:50.377,0,[],0
509,2009-07-14 13:11:53.333,0,[],0
510,2009-07-14 16:28:53.386,1,"[{'lat': -21.822, 'long': -67.087, 'Time': Timestamp('2009-07-14 18:38:08'), 'mag': 5.7}, {'lat': -21.822, 'long': -67.087, 'Time': Timestamp('2009-07-14 18:38:08'), 'mag': 5.7}, {'lat': -21.822, 'long': -67.087, 'Time': Timestamp('2009-07-14 18:38:08'), 'mag': 5.7}]",3
511,2009-07-14 19:43:23.440,0,[],0
512,2009-07-14 22:56:53.493,1,"[{'lat': 51.321, 'long': -178.279, 'Time': Timestamp('2009-07-15 04:04:34'), 'mag': 5.1}, {'lat': 51.321, 'long': -178.279, 'Time': Timestamp('2009-07-15 04:04:34'), 'mag': 5.1}]",2
513,2009-07-15 08:43:50.640,0,[],0
514,2009-07-15 12:02:53.869,0,[],0
515,2009-07-15 15:20:54.447,1,"[{'lat': -20.353, 'long': -68.927, 'Time': Timestamp('2009-07-15 15:21:27'), 'mag': 5.3}]",1
516,2009-07-15 18:35:44.980,0,[],0
517,2009-07-15 21:49:48.125,1,"[{'lat': -46.198, 'long': 166.161, 'Time': Timestamp('2009-07-16 00:24:07'), 'mag': 5.2}, {'lat': -46.288, 'long': 165.867, 'Time': Timestamp('2009-07-16 00:44:46'), 'mag': 5.3}, {'lat': -46.37, 'long': 165.613, 'Time': Timestamp('2009-07-16 03:19:08'), 'mag': 5.2}, {'lat': -46.198, 'long': 166.161, 'Time': Timestamp('2009-07-16 00:24:07'), 'mag': 5.2}, {'lat': -46.288, 'long': 165.867, 'Time': Timestamp('2009-07-16 00:44:46'), 'mag': 5.3}, {'lat': -46.37, 'long': 165.613, 'Time': Timestamp('2009-07-16 03:19:08'), 'mag': 5.2}, {'lat': -46.198, 'long': 166.161, 'Time': Timestamp('2009-07-16 00:24:07'), 'mag': 5.2}, {'lat': -46.288, 'long': 165.867, 'Time': Timestamp('2009-07-16 00:44:46'), 'mag': 5.3}, {'lat': -46.37, 'long': 165.613, 'Time': Timestamp('2009-07-16 03:19:08'), 'mag': 5.2}]",9
518,2009-07-16 01:03:42.423,1,"[{'lat': 42.371, 'long': 132.998, 'Time': Timestamp('2009-07-16 06:29:04'), 'mag': 5.3}]",1
519,2009-07-16 07:37:25.700,0,[],0
520,2009-07-16 20:42:53.403,1,"[{'lat': -21.228, 'long': -174.285, 'Time': Timestamp('2009-07-17 00:59:51'), 'mag': 5.1}, {'lat': -21.228, 'long': -174.285, 'Time': Timestamp('2009-07-17 00:59:51'), 'mag': 5.1}]",2
521,2009-07-16 23:56:23.457,0,[],0
522,2009-07-17 08:07:19.127,0,[],0
523,2009-07-17 11:24:23.644,0,[],0
524,2009-07-17 14:42:48.576,0,[],0
525,2009-07-17 17:58:23.752,0,[],0
526,2009-07-17 22:49:23.831,0,[],0
527,2009-07-18 08:35:50.978,0,[],0
528,2009-07-18 11:54:54.045,1,"[{'lat': 0.85, 'long': -29.319, 'Time': Timestamp('2009-07-18 17:06:35'), 'mag': 5.1}, {'lat': 0.85, 'long': -29.319, 'Time': Timestamp('2009-07-18 17:06:35'), 'mag': 5.1}, {'lat': 0.85, 'long': -29.319, 'Time': Timestamp('2009-07-18 17:06:35'), 'mag': 5.1}]",3
529,2009-07-18 15:12:52.184,0,[],0
530,2009-07-18 18:28:20.363,0,[],0
531,2009-07-18 21:41:48.741,0,[],0
532,2009-07-19 00:55:48.024,0,[],0
533,2009-07-19 05:50:58.406,1,"[{'lat': -8.956, 'long': 95.5, 'Time': Timestamp('2009-07-19 11:39:48'), 'mag': 5.4}, {'lat': -8.956, 'long': 95.5, 'Time': Timestamp('2009-07-19 11:39:48'), 'mag': 5.4}, {'lat': -8.956, 'long': 95.5, 'Time': Timestamp('2009-07-19 11:39:48'), 'mag': 5.4}]",3
534,2009-07-19 09:06:21.707,0,[],0
535,2009-07-19 12:25:23.447,0,[],0
536,2009-07-19 22:11:53.607,0,[],0
537,2009-07-20 01:25:50.535,1,"[{'lat': -8.847, 'long': 117.792, 'Time': Timestamp('2009-07-20 03:37:36'), 'mag': 5.2}, {'lat': -8.847, 'long': 117.792, 'Time': Timestamp('2009-07-20 03:37:36'), 'mag': 5.2}]",2
538,2009-07-20 06:21:26.620,0,[],0
539,2009-07-20 09:36:50.781,0,[],0
540,2009-07-20 12:55:53.848,0,[],0
541,2009-07-20 16:13:23.902,0,[],0
542,2009-07-20 19:27:54.268,0,[],0
543,2009-07-20 22:41:24.008,0,[],0
544,2009-07-21 08:29:54.363,0,[],0
545,2009-07-21 11:46:53.223,0,[],0
546,2009-07-21 15:05:22.362,0,[],0
547,2009-07-21 18:20:20.540,0,[],0
548,2009-07-22 07:21:19.079,0,[],0
549,2009-07-22 10:37:50.921,0,[],0
550,2009-07-22 13:56:54.837,0,[],0
551,2009-07-23 06:13:20.565,0,[],0
552,2009-07-23 09:28:50.183,0,[],0
553,2009-07-23 12:48:23.251,1,"[{'lat': -56.287, 'long': -27.051, 'Time': Timestamp('2009-07-23 14:03:38'), 'mag': 5.2}, {'lat': -56.287, 'long': -27.051, 'Time': Timestamp('2009-07-23 14:03:38'), 'mag': 5.2}]",2
554,2009-07-23 16:05:23.305,0,[],0
555,2009-07-23 19:19:53.358,0,[],0
556,2009-07-23 22:33:53.411,0,[],0
557,2009-07-24 06:43:24.516,0,[],0
558,2009-07-24 09:59:20.585,0,[],0
559,2009-07-24 13:18:23.653,0,[],0
560,2009-07-24 16:35:19.588,0,[],0
561,2009-07-24 19:49:53.759,0,[],0
562,2009-07-25 00:40:53.839,1,"[{'lat': -6.492, 'long': 154.973, 'Time': Timestamp('2009-07-25 01:42:23'), 'mag': 5.9}, {'lat': -6.492, 'long': 154.973, 'Time': Timestamp('2009-07-25 01:42:23'), 'mag': 5.9}, {'lat': -6.492, 'long': 154.973, 'Time': Timestamp('2009-07-25 01:42:23'), 'mag': 5.9}]",3
563,2009-07-25 05:35:26.330,0,[],0
564,2009-07-25 08:50:23.615,0,[],0
565,2009-07-25 12:09:54.027,0,[],0
566,2009-07-25 15:27:22.277,0,[],0
567,2009-07-25 18:42:51.783,0,[],0
568,2009-07-25 21:56:21.379,0,[],0
569,2009-07-26 01:10:24.210,1,"[{'lat': -0.321, 'long': 132.335, 'Time': Timestamp('2009-07-26 06:06:44'), 'mag': 5.4}, {'lat': -0.321, 'long': 132.335, 'Time': Timestamp('2009-07-26 06:06:44'), 'mag': 5.4}]",2
570,2009-07-26 06:05:23.287,1,"[{'lat': 11.279, 'long': 94.65, 'Time': Timestamp('2009-07-26 09:06:45'), 'mag': 5.0}, {'lat': 10.702, 'long': 94.315, 'Time': Timestamp('2009-07-26 07:12:04'), 'mag': 5.0}, {'lat': 10.751, 'long': 94.286, 'Time': Timestamp('2009-07-26 07:40:13'), 'mag': 5.1}, {'lat': 10.769, 'long': 94.374, 'Time': Timestamp('2009-07-26 08:11:15'), 'mag': 5.2}, {'lat': 10.713, 'long': 94.397, 'Time': Timestamp('2009-07-26 08:40:55'), 'mag': 5.1}, {'lat': 11.279, 'long': 94.65, 'Time': Timestamp('2009-07-26 09:06:45'), 'mag': 5.0}, {'lat': 10.639, 'long': 94.332, 'Time': Timestamp('2009-07-26 09:40:26'), 'mag': 5.1}, {'lat': 10.75, 'long': 94.388, 'Time': Timestamp('2009-07-26 10:14:15'), 'mag': 5.0}, {'lat': 10.67, 'long': 94.317, 'Time': Timestamp('2009-07-26 10:58:02'), 'mag': 5.1}, {'lat': 10.608, 'long': 94.186, 'Time': Timestamp('2009-07-26 11:55:44'), 'mag': 5.1}, {'lat': 10.702, 'long': 94.315, 'Time': Timestamp('2009-07-26 07:12:04'), 'mag': 5.0}, {'lat': 10.751, 'long': 94.286, 'Time': Timestamp('2009-07-26 07:40:13'), 'mag': 5.1}, {'lat': 10.769, 'long': 94.374, 'Time': Timestamp('2009-07-26 08:11:15'), 'mag': 5.2}, {'lat': 10.713, 'long': 94.397, 'Time': Timestamp('2009-07-26 08:40:55'), 'mag': 5.1}, {'lat': 11.279, 'long': 94.65, 'Time': Timestamp('2009-07-26 09:06:45'), 'mag': 5.0}, {'lat': 10.639, 'long': 94.332, 'Time': Timestamp('2009-07-26 09:40:26'), 'mag': 5.1}, {'lat': 10.75, 'long': 94.388, 'Time': Timestamp('2009-07-26 10:14:15'), 'mag': 5.0}, {'lat': 10.67, 'long': 94.317, 'Time': Timestamp('2009-07-26 10:58:02'), 'mag': 5.1}, {'lat': 10.608, 'long': 94.186, 'Time': Timestamp('2009-07-26 11:55:44'), 'mag': 5.1}, {'lat': 10.702, 'long': 94.315, 'Time': Timestamp('2009-07-26 07:12:04'), 'mag': 5.0}, {'lat': 10.713, 'long': 94.397, 'Time': Timestamp('2009-07-26 08:40:55'), 'mag': 5.1}, {'lat': 10.639, 'long': 94.332, 'Time': Timestamp('2009-07-26 09:40:26'), 'mag': 5.1}, {'lat': 10.67, 'long': 94.317, 'Time': Timestamp('2009-07-26 10:58:02'), 'mag': 5.1}, {'lat': 10.608, 'long': 94.186, 'Time': Timestamp('2009-07-26 11:55:44'), 'mag': 5.1}]",24
571,2009-07-26 09:20:51.688,0,[],0
572,2009-07-26 12:40:23.428,0,[],0
573,2009-07-26 22:26:23.588,1,"[{'lat': -17.755, 'long': 168.089, 'Time': Timestamp('2009-07-26 23:01:31'), 'mag': 5.8}, {'lat': -17.755, 'long': 168.089, 'Time': Timestamp('2009-07-26 23:01:31'), 'mag': 5.8}, {'lat': -17.755, 'long': 168.089, 'Time': Timestamp('2009-07-26 23:01:31'), 'mag': 5.8}]",3
574,2009-07-27 01:40:17.302,0,[],0
575,2009-07-27 04:57:27.311,1,"[{'lat': 34.899, 'long': 73.219, 'Time': Timestamp('2009-07-27 06:23:51'), 'mag': 5.0}]",1
576,2009-07-27 08:12:19.284,0,[],0
577,2009-07-27 11:31:23.802,0,[],0
578,2009-07-27 14:49:22.829,0,[],0
579,2009-07-27 18:05:23.888,0,[],0
580,2009-07-27 21:18:53.962,0,[],0
581,2009-07-28 00:32:51.337,0,[],0
582,2009-07-28 07:05:52.754,0,[],0
583,2009-07-28 10:22:21.602,0,[],0
584,2009-07-28 13:41:23.230,0,[],0
585,2009-07-28 16:57:51.934,0,[],0
586,2009-07-28 20:11:53.337,0,[],0
587,2009-07-28 23:25:53.390,0,[],0
588,2009-07-29 07:36:27.252,0,[],0
589,2009-07-29 10:52:53.443,0,[],0
590,2009-07-30 08:06:20.901,0,[],0
591,2009-07-30 11:23:19.443,0,[],0
592,2009-07-30 14:41:56.361,0,[],0
593,2009-07-30 17:57:15.567,0,[],0
594,2009-07-30 21:11:23.398,0,[],0
595,2009-07-31 00:25:18.217,0,[],0
596,2009-07-31 05:19:55.943,0,[],0
597,2009-07-31 08:34:53.585,0,[],0
598,2009-07-31 11:53:53.640,0,[],0
599,2009-07-31 15:11:55.546,0,[],0
600,2009-07-31 18:27:20.956,0,[],0
601,2009-08-01 09:05:22.301,0,[],0
602,2009-08-01 12:24:24.041,0,[],0
603,2009-08-01 15:42:23.095,0,[],0
604,2009-08-01 18:56:53.148,0,[],0
605,2009-08-01 22:10:51.281,0,[],0
606,2009-08-02 01:24:50.129,0,[],0
607,2009-08-02 06:20:26.214,0,[],0
608,2009-08-02 09:35:50.374,0,[],0
609,2009-08-02 12:54:53.442,0,[],0
610,2009-08-02 22:40:23.602,1,"[{'lat': -8.613, 'long': 159.142, 'Time': Timestamp('2009-08-03 01:31:01'), 'mag': 5.1}, {'lat': -8.613, 'long': 159.142, 'Time': Timestamp('2009-08-03 01:31:01'), 'mag': 5.1}]",2
611,2009-08-03 08:28:56.642,0,[],0
612,2009-08-03 11:45:53.816,0,[],0
613,2009-08-03 15:04:23.870,1,"[{'lat': -14.301, 'long': -75.489, 'Time': Timestamp('2009-08-03 20:10:17'), 'mag': 5.3}, {'lat': -14.301, 'long': -75.489, 'Time': Timestamp('2009-08-03 20:10:17'), 'mag': 5.3}, {'lat': -14.301, 'long': -75.489, 'Time': Timestamp('2009-08-03 20:10:17'), 'mag': 5.3}]",3
614,2009-08-03 18:19:21.133,1,"[{'lat': 29.31, 'long': -113.728, 'Time': Timestamp('2009-08-03 18:40:50'), 'mag': 6.2}, {'lat': 29.31, 'long': -113.728, 'Time': Timestamp('2009-08-03 18:40:50'), 'mag': 6.2}, {'lat': 29.31, 'long': -113.728, 'Time': Timestamp('2009-08-03 18:40:50'), 'mag': 6.2}]",3
615,2009-08-03 21:33:24.936,0,[],0
616,2009-08-04 00:47:24.030,0,[],0
617,2009-08-04 05:42:25.990,0,[],0
618,2009-08-04 08:57:21.478,0,[],0
619,2009-08-04 12:16:23.217,0,[],0
620,2009-08-04 15:34:23.271,0,[],0
621,2009-08-04 18:49:20.758,0,[],0
622,2009-08-04 22:02:51.570,0,[],0
623,2009-08-05 01:17:20.306,1,"[{'lat': 32.538, 'long': 131.856, 'Time': Timestamp('2009-08-05 03:51:15'), 'mag': 5.0}, {'lat': 32.538, 'long': 131.856, 'Time': Timestamp('2009-08-05 03:51:15'), 'mag': 5.0}, {'lat': 32.538, 'long': 131.856, 'Time': Timestamp('2009-08-05 03:51:15'), 'mag': 5.0}]",3
624,2009-08-05 11:07:23.788,0,[],0
625,2009-08-05 14:26:23.843,0,[],0
626,2009-08-05 20:54:53.470,0,[],0
627,2009-08-06 00:09:54.002,0,[],0
628,2009-08-06 06:42:25.988,0,[],0
629,2009-08-06 09:58:20.149,0,[],0
630,2009-08-06 13:17:23.217,0,[],0
631,2009-08-06 16:34:19.152,0,[],0
632,2009-08-06 19:48:55.289,0,[],0
633,2009-08-06 23:02:19.694,1,"[{'lat': -15.728, 'long': -177.218, 'Time': Timestamp('2009-08-07 02:42:34'), 'mag': 5.0}, {'lat': -15.652, 'long': -177.203, 'Time': Timestamp('2009-08-07 03:34:37'), 'mag': 5.0}, {'lat': -15.728, 'long': -177.218, 'Time': Timestamp('2009-08-07 02:42:34'), 'mag': 5.0}, {'lat': -15.652, 'long': -177.203, 'Time': Timestamp('2009-08-07 03:34:37'), 'mag': 5.0}, {'lat': -15.728, 'long': -177.218, 'Time': Timestamp('2009-08-07 02:42:34'), 'mag': 5.0}, {'lat': -15.652, 'long': -177.203, 'Time': Timestamp('2009-08-07 03:34:37'), 'mag': 5.0}]",6
634,2009-08-07 07:12:52.595,0,[],0
635,2009-08-07 10:28:52.649,0,[],0
636,2009-08-07 13:47:53.618,0,[],0
637,2009-08-07 17:04:23.650,0,[],0
638,2009-08-07 20:18:23.725,0,[],0
639,2009-08-07 23:32:23.778,0,[],0
640,2009-08-08 12:39:23.993,0,[],0
641,2009-08-08 15:56:54.046,0,[],0
642,2009-08-08 19:11:23.100,0,[],0
643,2009-08-08 22:25:23.153,0,[],0
644,2009-08-09 01:39:20.081,1,"[{'lat': -4.62, 'long': 153.187, 'Time': Timestamp('2009-08-09 07:08:59'), 'mag': 5.5}, {'lat': -4.62, 'long': 153.187, 'Time': Timestamp('2009-08-09 07:08:59'), 'mag': 5.5}, {'lat': -4.62, 'long': 153.187, 'Time': Timestamp('2009-08-09 07:08:59'), 'mag': 5.5}]",3
645,2009-08-09 06:34:56.166,0,[],0
646,2009-08-09 09:50:24.423,0,[],0
647,2009-08-09 13:09:53.394,0,[],0
648,2009-08-09 16:26:53.447,0,[],0
649,2009-08-09 19:41:23.501,0,[],0
650,2009-08-09 22:54:53.553,1,"[{'lat': -11.612, 'long': 166.09, 'Time': Timestamp('2009-08-10 04:06:31'), 'mag': 6.6}, {'lat': -11.612, 'long': 166.09, 'Time': Timestamp('2009-08-10 04:06:31'), 'mag': 6.6}, {'lat': -11.612, 'long': 166.09, 'Time': Timestamp('2009-08-10 04:06:31'), 'mag': 6.6}]",3
651,2009-08-10 07:04:56.567,0,[],0
652,2009-08-10 10:21:22.167,0,[],0
653,2009-08-10 13:40:23.796,0,[],0
654,2009-08-10 16:56:52.499,0,[],0
655,2009-08-10 20:10:53.902,0,[],0
656,2009-08-10 23:24:53.955,0,[],0
657,2009-08-11 07:35:25.968,0,[],0
658,2009-08-11 10:51:53.232,0,[],0
659,2009-08-11 14:10:23.197,0,[],0
660,2009-08-11 17:26:53.228,0,[],0
661,2009-08-11 20:37:54.720,0,[],0
662,2009-08-11 23:54:23.356,0,[],0
663,2009-08-12 08:05:26.369,0,[],0
664,2009-08-12 11:22:23.775,1,"[{'lat': -57.66, 'long': -25.25, 'Time': Timestamp('2009-08-12 14:50:14'), 'mag': 5.5}, {'lat': -57.66, 'long': -25.25, 'Time': Timestamp('2009-08-12 14:50:14'), 'mag': 5.5}]",2
665,2009-08-12 14:40:53.830,1,"[{'lat': -27.893, 'long': -66.672, 'Time': Timestamp('2009-08-12 18:00:52'), 'mag': 5.5}, {'lat': -27.893, 'long': -66.672, 'Time': Timestamp('2009-08-12 18:00:52'), 'mag': 5.5}, {'lat': -27.893, 'long': -66.672, 'Time': Timestamp('2009-08-12 18:00:52'), 'mag': 5.5}]",3
666,2009-08-12 17:56:21.093,0,[],0
667,2009-08-12 21:09:26.224,0,[],0
668,2009-08-13 00:24:23.989,0,[],0
669,2009-08-13 05:18:56.949,1,"[{'lat': 14.052, 'long': 92.821, 'Time': Timestamp('2009-08-13 09:21:35'), 'mag': 5.9}, {'lat': 14.052, 'long': 92.821, 'Time': Timestamp('2009-08-13 09:21:35'), 'mag': 5.9}, {'lat': 14.052, 'long': 92.821, 'Time': Timestamp('2009-08-13 09:21:35'), 'mag': 5.9}]",3
670,2009-08-13 08:33:53.122,0,[],0
671,2009-08-13 11:52:53.177,0,[],0
672,2009-08-13 15:10:53.231,0,[],0
673,2009-08-13 18:26:20.494,0,[],0
674,2009-08-13 21:38:52.857,0,[],0
675,2009-08-14 00:53:50.265,0,[],0
676,2009-08-14 05:48:56.350,0,[],0
677,2009-08-14 09:04:25.488,0,[],0
678,2009-08-14 12:23:21.670,0,[],0
679,2009-08-14 15:41:21.835,0,[],0
680,2009-08-14 18:55:50.449,0,[],0
681,2009-08-14 22:09:47.723,0,[],0
682,2009-08-15 01:23:50.666,0,[],0
683,2009-08-15 06:19:26.751,0,[],0
684,2009-08-15 09:34:55.008,0,[],0
685,2009-08-15 12:53:53.979,0,[],0
686,2009-08-15 16:11:24.034,0,[],0
687,2009-08-15 19:25:53.086,0,[],0
688,2009-08-15 22:39:23.140,1,"[{'lat': -19.826, 'long': -178.239, 'Time': Timestamp('2009-08-15 23:30:19'), 'mag': 5.6}, {'lat': -19.826, 'long': -178.239, 'Time': Timestamp('2009-08-15 23:30:19'), 'mag': 5.6}]",2
689,2009-08-16 06:49:26.152,0,[],0
690,2009-08-16 10:05:23.081,0,[],0
691,2009-08-16 13:24:23.381,0,[],0
692,2009-08-16 16:41:17.988,0,[],0
693,2009-08-16 19:55:23.488,0,[],0
694,2009-08-16 23:09:23.541,0,[],0
695,2009-08-17 07:19:26.554,0,[],0
696,2009-08-17 15:33:23.809,0,[],0
697,2009-08-17 18:48:21.296,0,[],0
698,2009-08-17 22:01:52.107,1,"[{'lat': -22.476, 'long': 170.731, 'Time': Timestamp('2009-08-18 00:59:45'), 'mag': 5.1}, {'lat': -22.476, 'long': 170.731, 'Time': Timestamp('2009-08-18 00:59:45'), 'mag': 5.1}, {'lat': -22.476, 'long': 170.731, 'Time': Timestamp('2009-08-18 00:59:45'), 'mag': 5.1}]",3
699,2009-08-18 01:16:20.843,1,"[{'lat': 1.847, 'long': 127.413, 'Time': Timestamp('2009-08-18 01:31:10'), 'mag': 5.3}, {'lat': 1.847, 'long': 127.413, 'Time': Timestamp('2009-08-18 01:31:10'), 'mag': 5.3}, {'lat': 1.847, 'long': 127.413, 'Time': Timestamp('2009-08-18 01:31:10'), 'mag': 5.3}]",3
700,2009-08-18 06:11:26.928,0,[],0
701,2009-08-18 09:26:54.185,0,[],0
702,2009-08-18 12:45:53.156,0,[],0
703,2009-08-18 16:03:23.211,0,[],0
704,2009-08-18 19:18:23.264,0,[],0
705,2009-08-19 00:08:53.343,0,[],0
706,2009-08-19 06:41:26.330,1,"[{'lat': 26.556, 'long': 92.47, 'Time': Timestamp('2009-08-19 10:45:13'), 'mag': 5.0}, {'lat': 26.556, 'long': 92.47, 'Time': Timestamp('2009-08-19 10:45:13'), 'mag': 5.0}]",2
707,2009-08-19 09:57:20.724,0,[],0
708,2009-08-19 13:16:23.792,0,[],0
709,2009-08-19 23:01:23.952,0,[],0
710,2009-08-20 07:11:55.965,0,[],0
711,2009-08-20 10:27:48.797,0,[],0
712,2009-08-20 13:46:53.193,0,[],0
713,2009-08-20 17:03:23.224,0,[],0
714,2009-08-20 20:14:20.732,0,[],0
715,2009-08-20 23:31:23.352,0,[],0
716,2009-08-21 07:41:56.366,0,[],0
717,2009-08-21 10:58:20.973,1,"[{'lat': 41.898, 'long': 19.123, 'Time': Timestamp('2009-08-21 13:39:58'), 'mag': 5.1}, {'lat': 41.898, 'long': 19.123, 'Time': Timestamp('2009-08-21 13:39:58'), 'mag': 5.1}, {'lat': 41.898, 'long': 19.123, 'Time': Timestamp('2009-08-21 13:39:58'), 'mag': 5.1}]",3
718,2009-08-21 14:17:19.030,0,[],0
719,2009-08-21 17:33:19.084,0,[],0
720,2009-08-21 20:44:17.361,1,"[{'lat': -21.298, 'long': -174.487, 'Time': Timestamp('2009-08-22 01:26:43'), 'mag': 5.1}, {'lat': -21.298, 'long': -174.487, 'Time': Timestamp('2009-08-22 01:26:43'), 'mag': 5.1}]",2
721,2009-08-22 00:01:25.718,0,[],0
722,2009-08-22 03:17:54.444,0,[],0
723,2009-08-22 06:33:56.741,0,[],0
724,2009-08-22 09:49:24.997,0,[],0
725,2009-08-22 13:08:53.968,0,[],0
726,2009-08-22 16:25:54.023,0,[],0
727,2009-08-22 19:40:24.076,0,[],0
728,2009-08-22 22:53:53.129,0,[],0
729,2009-08-23 07:03:56.142,0,[],0
730,2009-08-23 10:20:21.742,0,[],0
731,2009-08-23 13:39:23.370,0,[],0
732,2009-08-23 23:23:53.529,0,[],0
733,2009-08-24 07:34:26.543,0,[],0
734,2009-08-24 10:50:53.807,0,[],0
735,2009-08-24 14:09:23.771,0,[],0
736,2009-08-24 17:25:53.802,0,[],0
737,2009-08-24 20:36:55.294,0,[],0
738,2009-08-24 23:53:23.931,1,"[{'lat': -46.209, 'long': 166.138, 'Time': Timestamp('2009-08-25 04:57:24'), 'mag': 5.2}, {'lat': -46.209, 'long': 166.138, 'Time': Timestamp('2009-08-25 04:57:24'), 'mag': 5.2}, {'lat': -46.209, 'long': 166.138, 'Time': Timestamp('2009-08-25 04:57:24'), 'mag': 5.2}]",3
739,2009-08-25 09:41:50.078,0,[],0
740,2009-08-25 13:00:53.146,0,[],0
741,2009-08-25 16:17:53.199,1,"[{'lat': -21.177, 'long': -68.837, 'Time': Timestamp('2009-08-25 21:35:00'), 'mag': 5.1}, {'lat': -21.177, 'long': -68.837, 'Time': Timestamp('2009-08-25 21:35:00'), 'mag': 5.1}, {'lat': -21.177, 'long': -68.837, 'Time': Timestamp('2009-08-25 21:35:00'), 'mag': 5.1}]",3
742,2009-08-25 19:32:23.252,0,[],0
743,2009-08-26 06:56:26.318,0,[],0
744,2009-08-26 10:12:19.387,0,[],0
745,2009-08-26 13:31:23.783,0,[],0
746,2009-08-26 23:15:53.943,1,"[{'lat': -10.229, 'long': 161.451, 'Time': Timestamp('2009-08-27 05:05:27'), 'mag': 5.0}, {'lat': -10.229, 'long': 161.451, 'Time': Timestamp('2009-08-27 05:05:27'), 'mag': 5.0}, {'lat': -10.229, 'long': 161.451, 'Time': Timestamp('2009-08-27 05:05:27'), 'mag': 5.0}]",3
747,2009-08-27 09:03:21.417,0,[],0
748,2009-08-27 12:22:23.157,0,[],0
749,2009-08-27 15:40:23.211,0,[],0
750,2009-08-27 18:55:23.264,0,[],0
751,2009-08-28 07:56:51.781,0,[],0
752,2009-08-28 11:13:23.531,0,[],0
753,2009-08-28 14:31:53.586,0,[],0
754,2009-08-28 17:47:48.851,0,[],0
755,2009-08-28 21:01:44.908,0,[],0
756,2009-08-29 00:15:21.390,0,[],0
757,2009-08-29 05:10:24.239,0,[],0
758,2009-08-29 08:26:55.286,1,"[{'lat': 12.92, 'long': 57.6, 'Time': Timestamp('2009-08-29 13:59:06'), 'mag': 5.3}, {'lat': 12.92, 'long': 57.6, 'Time': Timestamp('2009-08-29 13:59:06'), 'mag': 5.3}, {'lat': 12.92, 'long': 57.6, 'Time': Timestamp('2009-08-29 13:59:06'), 'mag': 5.3}]",3
759,2009-08-29 11:43:53.932,0,[],0
760,2009-08-29 15:02:23.986,0,[],0
761,2009-08-29 18:17:49.922,0,[],0
762,2009-08-29 21:31:24.053,0,[],0
763,2009-08-30 00:45:23.146,0,[],0
764,2009-08-30 05:40:26.106,0,[],0
765,2009-08-30 13:53:53.361,0,[],0
766,2009-08-30 23:37:53.520,0,[],0
767,2009-08-31 07:48:53.287,0,[],0
768,2009-08-31 11:05:23.708,0,[],0
769,2009-08-31 14:24:23.763,0,[],0
770,2009-08-31 17:40:23.793,0,[],0
771,2009-08-31 20:53:46.637,0,[],0
772,2009-09-01 00:07:53.922,0,[],0
773,2009-09-01 08:17:23.799,0,[],0
774,2009-09-01 11:36:23.110,0,[],0
775,2009-09-01 14:54:23.164,0,[],0
776,2009-09-01 18:09:50.426,0,[],0
777,2009-09-01 21:23:52.902,0,[],0
778,2009-09-02 00:37:53.323,0,[],0
779,2009-09-02 07:10:53.062,0,[],0
780,2009-09-02 10:26:49.379,0,[],0
781,2009-09-02 13:45:53.775,0,[],0
782,2009-09-02 23:30:23.935,0,[],0
783,2009-09-03 07:40:53.701,0,[],0
784,2009-09-03 10:57:53.122,0,[],0
785,2009-09-03 14:16:23.177,0,[],0
786,2009-09-03 17:32:23.208,0,[],0
787,2009-09-03 20:46:18.596,0,[],0
788,2009-09-04 00:00:23.336,0,[],0
789,2009-09-04 06:32:56.323,0,[],0
790,2009-09-04 09:48:53.251,0,[],0
791,2009-09-04 13:07:53.551,0,[],0
792,2009-09-04 16:24:53.605,1,"[{'lat': -41.202, 'long': -86.114, 'Time': Timestamp('2009-09-04 17:59:41'), 'mag': 5.4}, {'lat': -41.202, 'long': -86.114, 'Time': Timestamp('2009-09-04 17:59:41'), 'mag': 5.4}, {'lat': -41.202, 'long': -86.114, 'Time': Timestamp('2009-09-04 17:59:41'), 'mag': 5.4}]",3
793,2009-09-04 19:39:23.658,0,[],0
794,2009-09-04 22:52:53.710,0,[],0
795,2009-09-05 08:39:53.871,0,[],0
796,2009-09-05 11:58:53.925,0,[],0
797,2009-09-05 15:16:53.979,0,[],0
798,2009-09-05 18:32:21.242,0,[],0
799,2009-09-05 21:45:54.045,0,[],0
800,2009-09-06 00:59:54.109,0,[],0
801,2009-09-06 05:54:56.098,0,[],0
802,2009-09-06 09:10:21.587,0,[],0
803,2009-09-06 12:29:23.326,0,[],0
804,2009-09-06 15:46:53.380,0,[],0
805,2009-09-06 19:01:53.433,0,[],0
806,2009-09-06 22:15:20.239,0,[],0
807,2009-09-07 01:29:50.414,1,"[{'lat': 3.181, 'long': 126.932, 'Time': Timestamp('2009-09-07 03:58:07'), 'mag': 5.0}, {'lat': 3.181, 'long': 126.932, 'Time': Timestamp('2009-09-07 03:58:07'), 'mag': 5.0}, {'lat': 3.181, 'long': 126.932, 'Time': Timestamp('2009-09-07 03:58:07'), 'mag': 5.0}]",3
808,2009-09-07 06:24:55.796,0,[],0
809,2009-09-07 09:40:50.660,0,[],0
810,2009-09-16 10:56:53.581,0,[],0
811,2009-09-16 14:15:23.513,0,[],0
812,2009-09-16 20:45:23.876,0,[],0
813,2009-09-16 23:59:23.929,0,[],0
814,2009-09-17 04:54:02.938,1,"[{'lat': 37.636, 'long': 95.944, 'Time': Timestamp('2009-09-17 09:24:19'), 'mag': 5.1}, {'lat': 37.636, 'long': 95.944, 'Time': Timestamp('2009-09-17 09:24:19'), 'mag': 5.1}]",2
815,2009-09-17 08:10:20.269,0,[],0
816,2009-09-17 11:27:23.116,0,[],0
817,2009-09-17 14:45:52.144,0,[],0
818,2009-09-17 18:01:20.434,1,"[{'lat': -29.144, 'long': -112.267, 'Time': Timestamp('2009-09-17 23:21:38'), 'mag': 6.2}, {'lat': -29.144, 'long': -112.267, 'Time': Timestamp('2009-09-17 23:21:38'), 'mag': 6.2}]",2
819,2009-09-17 21:15:23.277,0,[],0
820,2009-09-18 00:29:20.651,0,[],0
821,2009-09-18 05:23:55.822,1,"[{'lat': 37.653, 'long': 95.593, 'Time': Timestamp('2009-09-18 06:53:48'), 'mag': 5.0}, {'lat': 37.651, 'long': 95.604, 'Time': Timestamp('2009-09-18 07:02:12'), 'mag': 5.1}, {'lat': 37.653, 'long': 95.593, 'Time': Timestamp('2009-09-18 06:53:48'), 'mag': 5.0}, {'lat': 37.651, 'long': 95.604, 'Time': Timestamp('2009-09-18 07:02:12'), 'mag': 5.1}, {'lat': 37.653, 'long': 95.593, 'Time': Timestamp('2009-09-18 06:53:48'), 'mag': 5.0}, {'lat': 37.651, 'long': 95.604, 'Time': Timestamp('2009-09-18 07:02:12'), 'mag': 5.1}]",6
822,2009-09-18 08:38:51.779,0,[],0
823,2009-09-18 11:57:53.518,0,[],0
824,2009-09-18 15:15:55.425,0,[],0
825,2009-09-18 18:31:20.835,1,"[{'lat': 19.269, 'long': -108.481, 'Time': Timestamp('2009-09-18 18:46:08'), 'mag': 5.6}]",1
826,2009-09-18 21:44:50.543,0,[],0
827,2009-09-19 00:58:53.598,1,"[{'lat': 6.483, 'long': 124.784, 'Time': Timestamp('2009-09-19 01:41:31'), 'mag': 5.2}]",1
828,2009-09-19 05:53:56.111,0,[],0
829,2009-09-19 09:09:23.619,0,[],0
830,2009-09-19 12:28:23.919,0,[],0
831,2009-09-19 15:46:22.735,0,[],0
832,2009-09-19 19:00:48.692,1,"[{'lat': 32.3706667, 'long': -115.2611667, 'Time': Timestamp('2009-09-19 22:55:17'), 'mag': 5.08}, {'lat': 32.3706667, 'long': -115.2611667, 'Time': Timestamp('2009-09-19 22:55:17'), 'mag': 5.08}]",2
833,2009-09-19 22:14:54.079,0,[],0
834,2009-09-20 01:28:51.447,0,[],0
835,2009-09-20 06:24:24.062,0,[],0
836,2009-09-20 09:39:51.692,0,[],0
837,2009-09-20 14:37:49.553,0,[],0
838,2009-09-20 21:07:23.454,0,[],0
839,2009-09-21 00:21:15.505,0,[],0
840,2009-09-21 06:54:26.906,1,"[{'lat': 30.879, 'long': 79.057, 'Time': Timestamp('2009-09-21 09:43:50'), 'mag': 5.0}, {'lat': 30.879, 'long': 79.057, 'Time': Timestamp('2009-09-21 09:43:50'), 'mag': 5.0}, {'lat': 30.879, 'long': 79.057, 'Time': Timestamp('2009-09-21 09:43:50'), 'mag': 5.0}]",3
841,2009-09-21 10:10:24.862,0,[],0
842,2009-09-21 13:29:23.722,0,[],0
843,2009-09-21 16:46:22.425,1,"[{'lat': 5.176, 'long': -82.504, 'Time': Timestamp('2009-09-21 21:58:37'), 'mag': 5.0}, {'lat': 5.176, 'long': -82.504, 'Time': Timestamp('2009-09-21 21:58:37'), 'mag': 5.0}, {'lat': 5.176, 'long': -82.504, 'Time': Timestamp('2009-09-21 21:58:37'), 'mag': 5.0}]",3
844,2009-09-22 00:51:22.769,1,"[{'lat': -3.775, 'long': 141.958, 'Time': Timestamp('2009-09-22 04:38:11'), 'mag': 5.6}, {'lat': -3.775, 'long': 141.958, 'Time': Timestamp('2009-09-22 04:38:11'), 'mag': 5.6}, {'lat': -3.775, 'long': 141.958, 'Time': Timestamp('2009-09-22 04:38:11'), 'mag': 5.6}]",3
845,2009-09-22 05:46:24.960,0,[],0
846,2009-09-22 09:01:21.028,0,[],0
847,2009-09-22 12:20:53.096,0,[],0
848,2009-09-22 15:38:23.240,0,[],0
849,2009-09-22 18:53:23.203,0,[],0
850,2009-09-22 22:06:53.256,1,"[{'lat': -52.963, 'long': 159.911, 'Time': Timestamp('2009-09-23 02:59:30'), 'mag': 6.0}, {'lat': -52.963, 'long': 159.911, 'Time': Timestamp('2009-09-23 02:59:30'), 'mag': 6.0}]",2
851,2009-09-23 01:21:20.296,0,[],0
852,2009-09-23 06:16:25.566,0,[],0
853,2009-09-23 14:30:21.191,0,[],0
854,2009-09-23 20:59:53.876,0,[],0
855,2009-09-24 00:13:48.695,1,"[{'lat': -53.693, 'long': 140.733, 'Time': Timestamp('2009-09-24 00:34:07'), 'mag': 5.1}, {'lat': -53.693, 'long': 140.733, 'Time': Timestamp('2009-09-24 00:34:07'), 'mag': 5.1}]",2
856,2009-09-24 05:08:23.529,1,"[{'lat': 42.051, 'long': 77.491, 'Time': Timestamp('2009-09-24 07:57:14'), 'mag': 5.0}, {'lat': 42.051, 'long': 77.491, 'Time': Timestamp('2009-09-24 07:57:14'), 'mag': 5.0}, {'lat': 42.051, 'long': 77.491, 'Time': Timestamp('2009-09-24 07:57:14'), 'mag': 5.0}]",3
857,2009-09-24 08:23:22.377,0,[],0
858,2009-09-24 11:42:23.117,0,[],0
859,2009-09-24 15:00:23.583,0,[],0
860,2009-09-24 18:15:50.433,0,[],0
861,2009-09-24 21:29:53.277,0,[],0
862,2009-09-25 00:43:50.864,0,[],0
863,2009-09-25 05:38:24.382,0,[],0
864,2009-09-25 08:53:50.450,0,[],0
865,2009-09-25 12:12:53.518,0,[],0
866,2009-09-25 15:30:50.112,1,"[{'lat': -32.107, 'long': -71.608, 'Time': Timestamp('2009-09-25 15:47:23'), 'mag': 5.1}, {'lat': -32.107, 'long': -71.608, 'Time': Timestamp('2009-09-25 15:47:23'), 'mag': 5.1}, {'lat': -32.107, 'long': -71.608, 'Time': Timestamp('2009-09-25 15:47:23'), 'mag': 5.1}]",3
867,2009-09-25 18:45:52.275,0,[],0
868,2009-09-25 21:59:20.431,0,[],0
869,2009-09-26 01:13:22.045,0,[],0
870,2009-09-26 06:08:54.660,0,[],0
871,2009-09-26 09:24:20.963,1,"[{'lat': -7.533, 'long': 30.452, 'Time': Timestamp('2009-09-26 13:26:37'), 'mag': 5.2}, {'lat': -7.533, 'long': 30.452, 'Time': Timestamp('2009-09-26 13:26:37'), 'mag': 5.2}, {'lat': -7.533, 'long': 30.452, 'Time': Timestamp('2009-09-26 13:26:37'), 'mag': 5.2}]",3
872,2009-09-26 12:43:23.919,0,[],0
873,2009-09-26 16:00:53.973,0,[],0
874,2009-09-26 19:15:24.026,0,[],0
875,2009-09-26 22:29:24.079,0,[],0
876,2009-09-27 06:38:47.421,0,[],0
877,2009-09-27 09:54:54.461,0,[],0
878,2009-09-27 13:13:53.321,0,[],0
879,2009-09-27 22:58:53.480,0,[],0
880,2009-09-28 08:45:50.627,0,[],0
881,2009-09-28 12:04:53.695,1,"[{'lat': -25.629, 'long': -13.748, 'Time': Timestamp('2009-09-28 12:13:17'), 'mag': 5.4}, {'lat': -25.629, 'long': -13.748, 'Time': Timestamp('2009-09-28 12:13:17'), 'mag': 5.4}, {'lat': -25.629, 'long': -13.748, 'Time': Timestamp('2009-09-28 12:13:17'), 'mag': 5.4}]",3
882,2009-09-28 15:22:48.849,0,[],0
883,2009-09-28 18:37:52.452,0,[],0
884,2009-09-28 21:51:52.047,0,[],0
885,2009-09-29 01:05:49.566,0,[],0
886,2009-09-29 06:00:56.165,1,"[{'lat': 30.888, 'long': 83.49, 'Time': Timestamp('2009-09-29 06:01:13'), 'mag': 5.0}, {'lat': 30.888, 'long': 83.49, 'Time': Timestamp('2009-09-29 06:01:13'), 'mag': 5.0}, {'lat': 30.888, 'long': 83.49, 'Time': Timestamp('2009-09-29 06:01:13'), 'mag': 5.0}]",3
887,2009-09-29 09:16:22.468,0,[],0
888,2009-09-29 12:35:23.096,0,[],0
889,2009-09-29 15:52:52.681,0,[],0
890,2009-09-29 19:07:53.203,0,[],0
891,2009-09-29 22:21:23.256,1,"[{'lat': -15.606, 'long': -173.372, 'Time': Timestamp('2009-09-29 23:11:51'), 'mag': 5.5}, {'lat': -15.546, 'long': -173.334, 'Time': Timestamp('2009-09-29 23:32:56'), 'mag': 5.3}, {'lat': -15.832, 'long': -172.551, 'Time': Timestamp('2009-09-29 23:45:03'), 'mag': 6.0}, {'lat': -15.471, 'long': -172.926, 'Time': Timestamp('2009-09-30 00:40:52'), 'mag': 5.0}, {'lat': -15.033, 'long': -173.38, 'Time': Timestamp('2009-09-30 01:05:33'), 'mag': 5.1}, {'lat': -15.033, 'long': -173.629, 'Time': Timestamp('2009-09-30 01:09:29'), 'mag': 5.0}, {'lat': -15.562, 'long': -173.187, 'Time': Timestamp('2009-09-30 01:39:50'), 'mag': 5.0}, {'lat': -15.837, 'long': -173.111, 'Time': Timestamp('2009-09-30 02:47:26'), 'mag': 5.0}, {'lat': -15.606, 'long': -173.372, 'Time': Timestamp('2009-09-29 23:11:51'), 'mag': 5.5}, {'lat': -15.546, 'long': -173.334, 'Time': Timestamp('2009-09-29 23:32:56'), 'mag': 5.3}, {'lat': -15.832, 'long': -172.551, 'Time': Timestamp('2009-09-29 23:45:03'), 'mag': 6.0}, {'lat': -15.471, 'long': -172.926, 'Time': Timestamp('2009-09-30 00:40:52'), 'mag': 5.0}, {'lat': -15.033, 'long': -173.38, 'Time': Timestamp('2009-09-30 01:05:33'), 'mag': 5.1}, {'lat': -15.033, 'long': -173.629, 'Time': Timestamp('2009-09-30 01:09:29'), 'mag': 5.0}, {'lat': -15.562, 'long': -173.187, 'Time': Timestamp('2009-09-30 01:39:50'), 'mag': 5.0}, {'lat': -15.837, 'long': -173.111, 'Time': Timestamp('2009-09-30 02:47:26'), 'mag': 5.0}]",16
892,2009-09-30 01:35:50.731,1,"[{'lat': 4.919, 'long': 126.711, 'Time': Timestamp('2009-09-30 01:39:41'), 'mag': 5.5}, {'lat': 4.919, 'long': 126.711, 'Time': Timestamp('2009-09-30 01:39:41'), 'mag': 5.5}, {'lat': 4.919, 'long': 126.711, 'Time': Timestamp('2009-09-30 01:39:41'), 'mag': 5.5}]",3
893,2009-09-30 06:30:48.814,0,[],0
894,2009-09-30 09:46:52.114,0,[],0
895,2009-09-30 13:05:53.742,0,[],0
896,2009-09-30 22:51:23.901,0,[],0
897,2009-10-01 08:37:52.376,0,[],0
898,2009-10-01 11:56:53.116,0,[],0
899,2009-10-01 15:15:25.023,0,[],0
900,2009-10-01 18:30:20.434,0,[],0
901,2009-10-01 21:43:50.140,1,"[{'lat': -16.367, 'long': -173.114, 'Time': Timestamp('2009-10-01 22:33:29'), 'mag': 5.2}, {'lat': -16.335, 'long': -173.471, 'Time': Timestamp('2009-10-02 01:07:39'), 'mag': 6.1}, {'lat': -16.246, 'long': -173.468, 'Time': Timestamp('2009-10-02 01:09:26'), 'mag': 5.5}, {'lat': -14.929, 'long': -173.608, 'Time': Timestamp('2009-10-02 01:55:03'), 'mag': 5.3}, {'lat': -15.435, 'long': -172.253, 'Time': Timestamp('2009-10-02 02:13:56'), 'mag': 5.3}, {'lat': -16.635, 'long': -172.611, 'Time': Timestamp('2009-10-02 02:46:46'), 'mag': 5.1}, {'lat': -16.367, 'long': -173.114, 'Time': Timestamp('2009-10-01 22:33:29'), 'mag': 5.2}, {'lat': -16.335, 'long': -173.471, 'Time': Timestamp('2009-10-02 01:07:39'), 'mag': 6.1}, {'lat': -16.246, 'long': -173.468, 'Time': Timestamp('2009-10-02 01:09:26'), 'mag': 5.5}, {'lat': -14.929, 'long': -173.608, 'Time': Timestamp('2009-10-02 01:55:03'), 'mag': 5.3}, {'lat': -15.435, 'long': -172.253, 'Time': Timestamp('2009-10-02 02:13:56'), 'mag': 5.3}, {'lat': -16.635, 'long': -172.611, 'Time': Timestamp('2009-10-02 02:46:46'), 'mag': 5.1}]",12
902,2009-10-02 00:58:23.631,0,[],0
903,2009-10-02 05:52:55.709,0,[],0
904,2009-10-02 09:08:23.217,0,[],0
905,2009-10-02 12:27:53.518,0,[],0
906,2009-10-02 15:45:22.333,0,[],0
907,2009-10-02 19:00:22.386,0,[],0
908,2009-10-02 22:13:53.678,1,"[{'lat': -17.842, 'long': -172.767, 'Time': Timestamp('2009-10-02 22:38:37'), 'mag': 5.4}]",1
909,2009-10-03 06:23:24.659,0,[],0
910,2009-10-03 09:38:52.290,0,[],0
911,2009-10-03 12:58:23.918,0,[],0
912,2009-10-03 16:15:23.972,0,[],0
913,2009-10-03 19:29:54.338,0,[],0
914,2009-10-03 22:43:24.078,0,[],0
915,2009-10-04 08:30:18.897,0,[],0
916,2009-10-04 11:49:23.293,0,[],0
917,2009-10-04 15:07:22.432,0,[],0
918,2009-10-04 21:36:18.989,0,[],0
919,2009-10-05 00:50:18.272,0,[],0
920,2009-10-05 05:45:24.558,0,[],0
921,2009-10-05 09:00:50.626,0,[],0
922,2009-10-05 12:19:53.694,0,[],0
923,2009-10-05 15:37:23.837,0,[],0
924,2009-10-05 18:52:23.801,0,[],0
925,2009-10-06 07:53:51.548,1,"[{'lat': -2.261, 'long': 68.787, 'Time': Timestamp('2009-10-06 11:04:57'), 'mag': 5.2}, {'lat': -2.264, 'long': 68.697, 'Time': Timestamp('2009-10-06 11:13:34'), 'mag': 5.3}]",2
926,2009-10-06 11:10:54.068,0,[],0
927,2009-10-06 14:29:21.761,0,[],0
928,2009-10-06 17:45:23.154,0,[],0
929,2009-10-06 20:58:53.228,1,"[{'lat': -15.517, 'long': -173.071, 'Time': Timestamp('2009-10-07 00:33:44'), 'mag': 5.0}, {'lat': -15.517, 'long': -173.071, 'Time': Timestamp('2009-10-07 00:33:44'), 'mag': 5.0}, {'lat': -15.517, 'long': -173.071, 'Time': Timestamp('2009-10-07 00:33:44'), 'mag': 5.0}]",3
930,2009-10-07 00:12:50.603,1,"[{'lat': -13.084, 'long': 165.744, 'Time': Timestamp('2009-10-07 05:08:54'), 'mag': 5.1}, {'lat': -13.084, 'long': 165.744, 'Time': Timestamp('2009-10-07 05:08:54'), 'mag': 5.1}]",2
931,2009-10-07 03:29:53.748,0,[],0
932,2009-10-07 06:45:53.032,0,[],0
933,2009-10-07 10:01:54.886,0,[],0
934,2009-10-07 13:20:53.746,0,[],0
935,2009-10-07 16:37:48.353,0,[],0
936,2009-10-07 19:51:53.852,0,[],0
937,2009-10-07 23:05:53.905,1,"[{'lat': -16.739, 'long': -172.4, 'Time': Timestamp('2009-10-07 23:38:08'), 'mag': 5.3}, {'lat': -16.739, 'long': -172.4, 'Time': Timestamp('2009-10-07 23:38:08'), 'mag': 5.3}, {'lat': -16.739, 'long': -172.4, 'Time': Timestamp('2009-10-07 23:38:08'), 'mag': 5.3}, {'lat': -12.564, 'long': 165.957, 'Time': Timestamp('2009-10-07 23:23:28'), 'mag': 5.5}, {'lat': -12.107, 'long': 166.015, 'Time': Timestamp('2009-10-07 23:26:06'), 'mag': 5.3}, {'lat': -11.26, 'long': 167.074, 'Time': Timestamp('2009-10-08 00:25:07'), 'mag': 5.2}, {'lat': -11.293, 'long': 165.668, 'Time': Timestamp('2009-10-08 01:42:44'), 'mag': 5.0}, {'lat': -11.898, 'long': 165.96, 'Time': Timestamp('2009-10-08 01:59:19'), 'mag': 5.9}, {'lat': -11.889, 'long': 165.834, 'Time': Timestamp('2009-10-08 02:02:39'), 'mag': 5.3}, {'lat': -11.66, 'long': 166.177, 'Time': Timestamp('2009-10-08 02:12:39'), 'mag': 5.8}, {'lat': -13.093, 'long': 166.497, 'Time': Timestamp('2009-10-07 23:13:48'), 'mag': 7.4}, {'lat': -12.564, 'long': 165.957, 'Time': Timestamp('2009-10-07 23:23:28'), 'mag': 5.5}, {'lat': -12.107, 'long': 166.015, 'Time': Timestamp('2009-10-07 23:26:06'), 'mag': 5.3}, {'lat': -13.24, 'long': 166.554, 'Time': Timestamp('2009-10-07 23:29:27'), 'mag': 5.0}, {'lat': -13.039, 'long': 166.193, 'Time': Timestamp('2009-10-07 23:41:14'), 'mag': 5.0}, {'lat': -13.538, 'long': 166.399, 'Time': Timestamp('2009-10-07 23:48:52'), 'mag': 5.7}, {'lat': -13.235, 'long': 166.356, 'Time': Timestamp('2009-10-07 23:54:16'), 'mag': 5.8}, {'lat': -13.22, 'long': 166.423, 'Time': Timestamp('2009-10-08 00:15:20'), 'mag': 5.0}, {'lat': -13.285, 'long': 166.142, 'Time': Timestamp('2009-10-08 00:22:04'), 'mag': 5.1}, {'lat': -11.26, 'long': 167.074, 'Time': Timestamp('2009-10-08 00:25:07'), 'mag': 5.2}, {'lat': -12.798, 'long': 166.204, 'Time': Timestamp('2009-10-08 01:08:36'), 'mag': 5.3}, {'lat': -12.639, 'long': 166.493, 'Time': Timestamp('2009-10-08 01:19:27'), 'mag': 5.0}, {'lat': -13.45, 'long': 166.489, 'Time': Timestamp('2009-10-08 01:31:00'), 'mag': 5.2}, {'lat': -11.293, 'long': 165.668, 'Time': Timestamp('2009-10-08 01:42:44'), 'mag': 5.0}, {'lat': -11.898, 'long': 165.96, 'Time': Timestamp('2009-10-08 01:59:19'), 'mag': 5.9}, {'lat': -11.889, 'long': 165.834, 'Time': Timestamp('2009-10-08 02:02:39'), 'mag': 5.3}, {'lat': -11.66, 'long': 166.177, 'Time': Timestamp('2009-10-08 02:12:39'), 'mag': 5.8}, {'lat': -12.707, 'long': 165.903, 'Time': Timestamp('2009-10-08 03:40:54'), 'mag': 5.1}, {'lat': -13.021, 'long': 166.031, 'Time': Timestamp('2009-10-08 04:17:53'), 'mag': 5.3}, {'lat': -12.922, 'long': 166.004, 'Time': Timestamp('2009-10-08 04:38:50'), 'mag': 5.0}, {'lat': -13.093, 'long': 166.497, 'Time': Timestamp('2009-10-07 23:13:48'), 'mag': 7.4}, {'lat': -12.564, 'long': 165.957, 'Time': Timestamp('2009-10-07 23:23:28'), 'mag': 5.5}, {'lat': -12.107, 'long': 166.015, 'Time': Timestamp('2009-10-07 23:26:06'), 'mag': 5.3}, {'lat': -13.24, 'long': 166.554, 'Time': Timestamp('2009-10-07 23:29:27'), 'mag': 5.0}, {'lat': -13.039, 'long': 166.193, 'Time': Timestamp('2009-10-07 23:41:14'), 'mag': 5.0}, {'lat': -13.538, 'long': 166.399, 'Time': Timestamp('2009-10-07 23:48:52'), 'mag': 5.7}, {'lat': -13.235, 'long': 166.356, 'Time': Timestamp('2009-10-07 23:54:16'), 'mag': 5.8}, {'lat': -13.22, 'long': 166.423, 'Time': Timestamp('2009-10-08 00:15:20'), 'mag': 5.0}, {'lat': -13.285, 'long': 166.142, 'Time': Timestamp('2009-10-08 00:22:04'), 'mag': 5.1}, {'lat': -11.26, 'long': 167.074, 'Time': Timestamp('2009-10-08 00:25:07'), 'mag': 5.2}, {'lat': -12.798, 'long': 166.204, 'Time': Timestamp('2009-10-08 01:08:36'), 'mag': 5.3}, {'lat': -12.639, 'long': 166.493, 'Time': Timestamp('2009-10-08 01:19:27'), 'mag': 5.0}, {'lat': -13.45, 'long': 166.489, 'Time': Timestamp('2009-10-08 01:31:00'), 'mag': 5.2}, {'lat': -11.293, 'long': 165.668, 'Time': Timestamp('2009-10-08 01:42:44'), 'mag': 5.0}, {'lat': -11.898, 'long': 165.96, 'Time': Timestamp('2009-10-08 01:59:19'), 'mag': 5.9}, {'lat': -11.889, 'long': 165.834, 'Time': Timestamp('2009-10-08 02:02:39'), 'mag': 5.3}, {'lat': -11.66, 'long': 166.177, 'Time': Timestamp('2009-10-08 02:12:39'), 'mag': 5.8}, {'lat': -12.707, 'long': 165.903, 'Time': Timestamp('2009-10-08 03:40:54'), 'mag': 5.1}, {'lat': -13.021, 'long': 166.031, 'Time': Timestamp('2009-10-08 04:17:53'), 'mag': 5.3}, {'lat': -12.922, 'long': 166.004, 'Time': Timestamp('2009-10-08 04:38:50'), 'mag': 5.0}, {'lat': -13.093, 'long': 166.497, 'Time': Timestamp('2009-10-07 23:13:48'), 'mag': 7.4}, {'lat': -13.24, 'long': 166.554, 'Time': Timestamp('2009-10-07 23:29:27'), 'mag': 5.0}, {'lat': -13.039, 'long': 166.193, 'Time': Timestamp('2009-10-07 23:41:14'), 'mag': 5.0}, {'lat': -13.538, 'long': 166.399, 'Time': Timestamp('2009-10-07 23:48:52'), 'mag': 5.7}, {'lat': -13.235, 'long': 166.356, 'Time': Timestamp('2009-10-07 23:54:16'), 'mag': 5.8}, {'lat': -13.22, 'long': 166.423, 'Time': Timestamp('2009-10-08 00:15:20'), 'mag': 5.0}, {'lat': -13.285, 'long': 166.142, 'Time': Timestamp('2009-10-08 00:22:04'), 'mag': 5.1}, {'lat': -13.45, 'long': 166.489, 'Time': Timestamp('2009-10-08 01:31:00'), 'mag': 5.2}, {'lat': -13.021, 'long': 166.031, 'Time': Timestamp('2009-10-08 04:17:53'), 'mag': 5.3}]",59
938,2009-10-08 07:15:53.236,0,[],0
939,2009-10-08 10:32:24.287,0,[],0
940,2009-10-08 13:51:23.146,0,[],0
941,2009-10-08 17:07:51.850,0,[],0
942,2009-10-08 20:21:53.253,0,[],0
943,2009-10-08 23:35:23.306,1,"[{'lat': -12.4, 'long': 166.696, 'Time': Timestamp('2009-10-08 23:35:43'), 'mag': 5.7}, {'lat': -12.846, 'long': 166.563, 'Time': Timestamp('2009-10-09 03:47:29'), 'mag': 5.1}]",2
944,2009-10-09 07:46:17.212,0,[],0
945,2009-10-09 11:02:53.494,0,[],0
946,2009-10-09 14:21:53.404,0,[],0
947,2009-10-09 17:37:20.811,1,"[{'lat': -0.962, 'long': -77.817, 'Time': Timestamp('2009-10-09 18:11:39'), 'mag': 5.2}, {'lat': -0.962, 'long': -77.817, 'Time': Timestamp('2009-10-09 18:11:39'), 'mag': 5.2}]",2
948,2009-10-10 06:37:53.446,0,[],0
949,2009-10-10 09:53:55.062,0,[],0
950,2009-10-10 13:12:53.922,0,[],0
951,2009-10-10 16:29:53.976,1,"[{'lat': -25.017, 'long': -70.723, 'Time': Timestamp('2009-10-10 17:10:17'), 'mag': 5.3}, {'lat': -25.017, 'long': -70.723, 'Time': Timestamp('2009-10-10 17:10:17'), 'mag': 5.3}, {'lat': -25.017, 'long': -70.723, 'Time': Timestamp('2009-10-10 17:10:17'), 'mag': 5.3}]",3
952,2009-10-10 19:44:24.029,0,[],0
953,2009-10-10 22:57:53.082,1,"[{'lat': -11.615, 'long': 165.171, 'Time': Timestamp('2009-10-11 03:12:22'), 'mag': 5.2}, {'lat': -13.003, 'long': 166.116, 'Time': Timestamp('2009-10-11 04:47:51'), 'mag': 5.7}, {'lat': -22.0, 'long': 170.248, 'Time': Timestamp('2009-10-11 03:12:13'), 'mag': 6.0}, {'lat': -11.615, 'long': 165.171, 'Time': Timestamp('2009-10-11 03:12:22'), 'mag': 5.2}, {'lat': -13.003, 'long': 166.116, 'Time': Timestamp('2009-10-11 04:47:51'), 'mag': 5.7}, {'lat': -22.0, 'long': 170.248, 'Time': Timestamp('2009-10-11 03:12:13'), 'mag': 6.0}, {'lat': -13.003, 'long': 166.116, 'Time': Timestamp('2009-10-11 04:47:51'), 'mag': 5.7}, {'lat': -22.0, 'long': 170.248, 'Time': Timestamp('2009-10-11 03:12:13'), 'mag': 6.0}]",8
954,2009-10-11 07:08:26.508,0,[],0
955,2009-10-11 10:24:21.695,0,[],0
956,2009-10-11 13:43:21.515,0,[],0
957,2009-10-11 16:59:53.355,0,[],0
958,2009-10-11 21:50:51.649,0,[],0
959,2009-10-12 01:04:50.496,1,"[{'lat': -12.632, 'long': 166.013, 'Time': Timestamp('2009-10-12 06:37:03'), 'mag': 5.2}, {'lat': -12.632, 'long': 166.013, 'Time': Timestamp('2009-10-12 06:37:03'), 'mag': 5.2}]",2
960,2009-10-12 05:59:51.670,0,[],0
961,2009-10-14 13:35:53.752,0,[],0
962,2009-10-14 23:20:23.911,1,"[{'lat': 52.853, 'long': -166.75, 'Time': Timestamp('2009-10-15 00:13:33'), 'mag': 5.5}, {'lat': 52.853, 'long': -166.75, 'Time': Timestamp('2009-10-15 00:13:33'), 'mag': 5.5}, {'lat': -22.562, 'long': 171.2, 'Time': Timestamp('2009-10-15 03:32:08'), 'mag': 5.0}]",3
963,2009-10-15 07:30:54.234,1,"[{'lat': 36.989, 'long': 71.377, 'Time': Timestamp('2009-10-15 13:27:48'), 'mag': 5.0}, {'lat': 36.989, 'long': 71.377, 'Time': Timestamp('2009-10-15 13:27:48'), 'mag': 5.0}, {'lat': 36.989, 'long': 71.377, 'Time': Timestamp('2009-10-15 13:27:48'), 'mag': 5.0}]",3
964,2009-10-15 10:47:22.965,0,[],0
965,2009-10-15 14:05:44.593,0,[],0
966,2009-10-15 17:22:23.184,1,"[{'lat': 3.272, 'long': -103.823, 'Time': Timestamp('2009-10-15 17:48:21'), 'mag': 6.0}, {'lat': 3.272, 'long': -103.823, 'Time': Timestamp('2009-10-15 17:48:21'), 'mag': 6.0}]",2
967,2009-10-15 20:33:20.691,0,[],0
968,2009-10-15 23:49:53.312,0,[],0
969,2009-10-16 08:00:49.652,0,[],0
970,2009-10-16 11:17:53.500,0,[],0
971,2009-10-16 14:36:19.760,0,[],0
972,2009-10-16 17:51:50.817,0,[],0
973,2009-10-16 21:04:53.973,1,"[{'lat': -14.989, 'long': -173.748, 'Time': Timestamp('2009-10-17 01:47:19'), 'mag': 5.2}, {'lat': -14.989, 'long': -173.748, 'Time': Timestamp('2009-10-17 01:47:19'), 'mag': 5.2}, {'lat': -14.989, 'long': -173.748, 'Time': Timestamp('2009-10-17 01:47:19'), 'mag': 5.2}]",3
974,2009-10-17 00:19:48.479,0,[],0
975,2009-10-17 05:14:26.204,0,[],0
976,2009-10-17 08:29:20.834,0,[],0
977,2009-10-17 11:48:23.900,0,[],0
978,2009-10-17 15:06:23.040,0,[],0
979,2009-10-17 18:21:51.218,0,[],0
980,2009-10-17 21:35:19.597,0,[],0
981,2009-10-18 00:49:17.880,1,"[{'lat': 28.724, 'long': 139.41, 'Time': Timestamp('2009-10-18 02:01:24'), 'mag': 5.1}, {'lat': 28.724, 'long': 139.41, 'Time': Timestamp('2009-10-18 02:01:24'), 'mag': 5.1}, {'lat': 28.724, 'long': 139.41, 'Time': Timestamp('2009-10-18 02:01:24'), 'mag': 5.1}]",3
982,2009-10-18 05:44:28.262,0,[],0
983,2009-10-18 08:59:50.234,0,[],0
984,2009-10-18 12:18:53.302,0,[],0
985,2009-10-18 15:36:52.118,0,[],0
986,2009-10-18 23:42:23.489,0,[],0
987,2009-10-19 07:51:18.276,0,[],0
988,2009-10-19 11:09:53.676,0,[],0
989,2009-10-19 14:28:19.601,0,[],0
990,2009-10-19 17:44:23.762,0,[],0
991,2009-10-19 20:57:24.149,1,"[{'lat': -15.36, 'long': -172.264, 'Time': Timestamp('2009-10-19 22:49:38'), 'mag': 6.0}, {'lat': -15.36, 'long': -172.264, 'Time': Timestamp('2009-10-19 22:49:38'), 'mag': 6.0}, {'lat': -15.36, 'long': -172.264, 'Time': Timestamp('2009-10-19 22:49:38'), 'mag': 6.0}]",3
992,2009-10-20 00:11:49.983,0,[],0
993,2009-10-20 05:07:02.899,0,[],0
994,2009-10-20 08:23:25.218,0,[],0
995,2009-10-20 11:40:24.077,0,[],0
996,2009-10-20 14:58:52.217,0,[],0
997,2009-10-20 18:14:19.066,0,[],0
998,2009-10-21 07:14:52.595,0,[],0
999,2009-10-21 10:31:19.333,0,[],0
1000,2009-10-21 13:50:23.761,0,[],0
1001,2009-10-21 23:34:23.921,0,[],0
1002,2009-10-22 07:45:17.827,0,[],0
1003,2009-10-22 11:01:53.109,0,[],0
1004,2009-10-22 14:20:53.018,0,[],0
1005,2009-10-22 22:27:23.295,1,"[{'lat': -11.165, 'long': 165.892, 'Time': Timestamp('2009-10-23 03:52:14'), 'mag': 5.0}, {'lat': -11.165, 'long': 165.892, 'Time': Timestamp('2009-10-23 03:52:14'), 'mag': 5.0}, {'lat': -11.165, 'long': 165.892, 'Time': Timestamp('2009-10-23 03:52:14'), 'mag': 5.0}]",3
1006,2009-10-23 08:13:46.893,0,[],0
1007,2009-10-23 11:32:23.509,0,[],0
1008,2009-10-23 14:50:52.537,0,[],0
1009,2009-10-23 18:06:20.827,0,[],0
1010,2009-10-25 23:56:53.689,1,"[{'lat': -3.842, 'long': 151.227, 'Time': Timestamp('2009-10-26 01:39:05'), 'mag': 5.2}, {'lat': -3.842, 'long': 151.227, 'Time': Timestamp('2009-10-26 01:39:05'), 'mag': 5.2}, {'lat': -3.842, 'long': 151.227, 'Time': Timestamp('2009-10-26 01:39:05'), 'mag': 5.2}]",3
1011,2009-10-26 06:29:23.127,0,[],0
1012,2009-10-26 09:44:52.086,0,[],0
1013,2009-10-26 13:04:23.713,0,[],0
1014,2009-10-26 16:21:23.768,0,[],0
1015,2009-10-26 19:35:53.821,0,[],0
1016,2009-10-26 22:49:23.873,1,"[{'lat': -11.45, 'long': 165.575, 'Time': Timestamp('2009-10-27 03:56:34'), 'mag': 5.1}, {'lat': -11.45, 'long': 165.575, 'Time': Timestamp('2009-10-27 03:56:34'), 'mag': 5.1}, {'lat': -11.45, 'long': 165.575, 'Time': Timestamp('2009-10-27 03:56:34'), 'mag': 5.1}]",3
1017,2009-10-27 08:36:19.692,0,[],0
1018,2009-10-27 11:55:23.088,0,[],0
1019,2009-10-27 15:13:20.899,1,"[{'lat': 6.767, 'long': -72.897, 'Time': Timestamp('2009-10-27 16:25:53'), 'mag': 5.1}, {'lat': 6.767, 'long': -72.897, 'Time': Timestamp('2009-10-27 16:25:53'), 'mag': 5.1}, {'lat': 6.767, 'long': -72.897, 'Time': Timestamp('2009-10-27 16:25:53'), 'mag': 5.1}]",3
1020,2009-10-27 18:28:23.195,0,[],0
1021,2009-10-28 07:29:53.599,0,[],0
1022,2009-10-28 10:46:23.328,0,[],0
1023,2009-10-28 14:04:44.956,0,[],0
1024,2009-10-28 20:35:23.890,1,"[{'lat': -15.794, 'long': -173.388, 'Time': Timestamp('2009-10-28 23:56:40'), 'mag': 5.5}]",1
1025,2009-10-28 23:48:53.943,1,"[{'lat': -5.26, 'long': 140.377, 'Time': Timestamp('2009-10-29 01:34:00'), 'mag': 5.1}]",1
1026,2009-10-29 12:56:23.158,0,[],0
1027,2009-10-29 16:13:23.211,0,[],0
1028,2009-10-29 19:28:23.577,0,[],0
1029,2009-10-29 22:41:53.317,0,[],0
1030,2009-10-30 01:56:20.904,1,"[{'lat': 29.218, 'long': 129.782, 'Time': Timestamp('2009-10-30 07:03:39'), 'mag': 6.8}, {'lat': 29.218, 'long': 129.782, 'Time': Timestamp('2009-10-30 07:03:39'), 'mag': 6.8}]",2
1031,2009-10-30 06:51:56.744,0,[],0
1032,2009-10-30 10:07:50.603,0,[],0
1033,2009-10-30 13:26:53.559,0,[],0
1034,2009-10-30 16:43:23.613,0,[],0
1035,2009-10-30 19:57:53.666,0,[],0
1036,2009-10-31 00:48:51.279,0,[],0
1037,2009-10-31 05:43:24.797,0,[],0
1038,2009-10-31 08:58:50.865,0,[],0
1039,2009-10-31 12:17:53.934,0,[],0
1040,2009-10-31 15:35:49.311,0,[],0
1041,2009-10-31 18:50:54.041,0,[],0
1042,2009-10-31 22:04:23.094,0,[],0
1043,2009-11-01 07:52:16.691,0,[],0
1044,2009-11-01 11:08:53.308,0,[],0
1045,2009-11-01 14:27:19.233,0,[],0
1046,2009-11-01 20:57:23.468,1,"[{'lat': -15.505, 'long': -173.753, 'Time': Timestamp('2009-11-01 21:28:58'), 'mag': 5.8}, {'lat': -15.505, 'long': -173.753, 'Time': Timestamp('2009-11-01 21:28:58'), 'mag': 5.8}, {'lat': -15.505, 'long': -173.753, 'Time': Timestamp('2009-11-01 21:28:58'), 'mag': 5.8}]",3
1047,2009-11-02 00:11:22.282,0,[],0
1048,2009-11-02 05:05:53.122,0,[],0
1049,2009-11-02 08:22:24.849,0,[],0
1050,2009-11-02 11:39:23.708,0,[],0
1051,2009-11-02 14:57:52.848,0,[],0
1052,2009-11-02 18:13:22.466,0,[],0
1053,2009-11-02 21:26:53.869,0,[],0
1054,2009-11-03 00:40:48.688,0,[],0
1055,2009-11-03 05:35:54.973,0,[],0
1056,2009-11-03 08:50:51.043,0,[],0
1057,2009-11-03 12:10:23.110,0,[],0
1058,2009-11-03 15:27:48.264,0,[],0
1059,2009-11-03 18:42:49.099,0,[],0
1060,2009-11-03 21:56:51.462,0,[],0
1061,2009-11-04 01:10:51.638,1,"[{'lat': 7.089, 'long': 126.575, 'Time': Timestamp('2009-11-04 06:21:46'), 'mag': 5.5}, {'lat': 7.089, 'long': 126.575, 'Time': Timestamp('2009-11-04 06:21:46'), 'mag': 5.5}, {'lat': 7.089, 'long': 126.575, 'Time': Timestamp('2009-11-04 06:21:46'), 'mag': 5.5}]",3
1062,2009-11-04 06:05:51.484,0,[],0
1063,2009-11-04 09:21:16.698,0,[],0
1064,2009-11-04 12:40:53.750,0,[],0
1065,2009-11-04 15:57:53.804,0,[],0
1066,2009-11-04 19:12:53.857,0,[],0
1067,2009-11-04 22:26:23.927,0,[],0
1068,2009-11-05 01:40:47.306,1,"[{'lat': -2.606, 'long': 138.949, 'Time': Timestamp('2009-11-05 04:17:17'), 'mag': 5.4}, {'lat': -2.606, 'long': 138.949, 'Time': Timestamp('2009-11-05 04:17:17'), 'mag': 5.4}]",2
1069,2009-11-05 06:36:23.693,1,"[{'lat': 12.108, 'long': 45.907, 'Time': Timestamp('2009-11-05 07:12:32'), 'mag': 5.6}, {'lat': 12.075, 'long': 45.924, 'Time': Timestamp('2009-11-05 07:57:30'), 'mag': 5.4}, {'lat': 12.101, 'long': 45.903, 'Time': Timestamp('2009-11-05 08:05:49'), 'mag': 5.2}, {'lat': 12.108, 'long': 45.907, 'Time': Timestamp('2009-11-05 07:12:32'), 'mag': 5.6}, {'lat': 12.075, 'long': 45.924, 'Time': Timestamp('2009-11-05 07:57:30'), 'mag': 5.4}, {'lat': 12.101, 'long': 45.903, 'Time': Timestamp('2009-11-05 08:05:49'), 'mag': 5.2}, {'lat': 12.108, 'long': 45.907, 'Time': Timestamp('2009-11-05 07:12:32'), 'mag': 5.6}, {'lat': 12.075, 'long': 45.924, 'Time': Timestamp('2009-11-05 07:57:30'), 'mag': 5.4}, {'lat': 12.101, 'long': 45.903, 'Time': Timestamp('2009-11-05 08:05:49'), 'mag': 5.2}]",9
1070,2009-11-05 09:51:51.541,0,[],0
1071,2009-11-05 13:11:23.169,0,[],0
1072,2009-11-05 16:28:23.222,0,[],0
1073,2009-11-05 19:42:23.275,0,[],0
1074,2009-11-05 22:56:23.328,0,[],0
1075,2009-11-06 02:10:52.132,0,[],0
1076,2009-11-06 07:06:26.755,0,[],0
1077,2009-11-06 10:22:24.710,0,[],0
1078,2009-11-06 13:41:53.570,0,[],0
1079,2009-11-06 16:58:23.623,0,[],0
1080,2009-11-06 20:12:23.677,0,[],0
1081,2009-11-06 23:25:53.729,0,[],0
1082,2009-11-07 07:36:54.053,0,[],0
1083,2009-11-07 10:53:23.783,0,[],0
1084,2009-11-07 14:11:50.947,0,[],0
1085,2009-11-07 17:27:54.024,0,[],0
1086,2009-11-07 20:41:48.854,0,[],0
1087,2009-11-07 23:55:53.131,0,[],0
1088,2009-11-08 04:50:32.139,0,[],0
1089,2009-11-08 08:06:49.470,0,[],0
1090,2009-11-08 11:23:53.318,0,[],0
1091,2009-11-08 14:42:22.345,0,[],0
1092,2009-11-08 17:57:53.426,0,[],0
1093,2009-11-08 22:48:23.505,1,"[{'lat': 52.307, 'long': -168.454, 'Time': Timestamp('2009-11-08 23:05:19'), 'mag': 5.3}, {'lat': 52.3, 'long': -168.493, 'Time': Timestamp('2009-11-09 01:14:00'), 'mag': 5.1}, {'lat': 52.307, 'long': -168.454, 'Time': Timestamp('2009-11-08 23:05:19'), 'mag': 5.3}, {'lat': 52.3, 'long': -168.493, 'Time': Timestamp('2009-11-09 01:14:00'), 'mag': 5.1}]",4
1094,2009-11-09 06:58:26.931,0,[],0
1095,2009-11-09 10:14:49.462,0,[],0
1096,2009-11-09 13:33:53.747,0,[],0
1097,2009-11-09 16:50:23.800,0,[],0
1098,2009-11-09 20:04:53.853,0,[],0
1099,2009-11-09 23:18:23.906,1,"[{'lat': 52.39, 'long': -168.604, 'Time': Timestamp('2009-11-10 00:29:42'), 'mag': 5.0}, {'lat': 52.39, 'long': -168.604, 'Time': Timestamp('2009-11-10 00:29:42'), 'mag': 5.0}]",2
1100,2009-11-10 07:28:55.558,0,[],0
1101,2009-11-10 10:45:20.191,0,[],0
1102,2009-11-10 14:04:14.588,0,[],0
1103,2009-11-10 17:20:23.201,0,[],0
1104,2009-11-10 20:31:20.575,0,[],0
1105,2009-11-10 23:48:23.307,0,[],0
1106,2009-11-12 08:29:23.709,0,[],0
1107,2009-11-12 11:46:23.176,0,[],0
1108,2009-11-12 15:04:52.315,0,[],0
1109,2009-11-12 18:19:53.283,0,[],0
1110,2009-11-12 21:32:48.761,0,[],0
1111,2009-11-13 00:47:52.251,0,[],0
1112,2009-11-13 05:42:54.441,0,[],0
1113,2009-11-13 08:57:50.509,0,[],0
1114,2009-11-13 12:17:23.578,0,[],0
1115,2009-11-13 15:34:58.476,0,[],0
1116,2009-11-13 18:49:53.684,0,[],0
1117,2009-11-13 22:03:24.697,0,[],0
1118,2009-11-14 01:17:50.777,0,[],0
1119,2009-11-14 06:12:56.048,0,[],0
1120,2009-11-14 09:28:16.927,0,[],0
1121,2009-11-14 12:47:53.978,0,[],0
1122,2009-11-14 16:04:54.032,1,"[{'lat': -22.965, 'long': -66.641, 'Time': Timestamp('2009-11-14 19:44:29'), 'mag': 6.2}, {'lat': -22.965, 'long': -66.641, 'Time': Timestamp('2009-11-14 19:44:29'), 'mag': 6.2}, {'lat': -22.965, 'long': -66.641, 'Time': Timestamp('2009-11-14 19:44:29'), 'mag': 6.2}]",3
1123,2009-11-14 19:19:53.086,0,[],0
1124,2009-11-14 22:33:23.138,0,[],0
1125,2009-11-15 08:19:51.613,0,[],0
1126,2009-11-15 11:38:53.353,0,[],0
1127,2009-11-15 14:56:53.820,1,"[{'lat': 3.289, 'long': -82.86, 'Time': Timestamp('2009-11-15 17:36:48'), 'mag': 5.2}]",1
1128,2009-11-15 21:25:23.257,0,[],0
1129,2009-11-16 00:40:21.100,1,"[{'lat': -14.444, 'long': 167.254, 'Time': Timestamp('2009-11-16 05:56:15'), 'mag': 5.3}, {'lat': -14.444, 'long': 167.254, 'Time': Timestamp('2009-11-16 05:56:15'), 'mag': 5.3}, {'lat': -14.444, 'long': 167.254, 'Time': Timestamp('2009-11-16 05:56:15'), 'mag': 5.3}]",3
1130,2009-11-16 05:34:54.618,0,[],0
1131,2009-11-16 08:52:07.183,0,[],0
1132,2009-11-16 12:09:23.754,0,[],0
1133,2009-11-16 15:27:17.581,1,"[{'lat': -19.556, 'long': -70.365, 'Time': Timestamp('2009-11-16 18:34:24'), 'mag': 5.2}, {'lat': -19.556, 'long': -70.365, 'Time': Timestamp('2009-11-16 18:34:24'), 'mag': 5.2}]",2
1134,2009-11-16 18:42:18.415,0,[],0
1135,2009-11-16 21:54:52.106,0,[],0
1136,2009-11-17 01:09:52.282,0,[],0
1137,2009-11-17 11:00:23.129,0,[],0
1138,2009-11-17 14:18:51.709,0,[],0
1139,2009-11-17 17:34:53.236,0,[],0
1140,2009-11-17 20:47:54.137,0,[],0
1141,2009-11-18 00:02:49.436,0,[],0
1142,2009-11-18 04:57:32.351,0,[],0
1143,2009-11-18 08:13:55.217,0,[],0
1144,2009-11-18 11:30:53.752,0,[],0
1145,2009-11-18 14:49:21.452,0,[],0
1146,2009-11-18 21:17:23.433,0,[],0
1147,2009-11-19 00:32:21.288,0,[],0
1148,2009-11-19 07:05:23.269,0,[],0
1149,2009-11-19 10:21:48.897,0,[],0
1150,2009-11-19 13:40:53.181,0,[],0
1151,2009-11-19 16:57:23.235,0,[],0
1152,2009-11-19 20:11:23.287,0,[],0
1153,2009-11-19 23:25:23.340,0,[],0
1154,2009-11-20 07:35:55.438,1,"[{'lat': 13.261, 'long': 50.828, 'Time': Timestamp('2009-11-20 08:00:30'), 'mag': 5.0}]",1
1155,2009-11-20 10:54:39.890,0,[],0
1156,2009-11-20 14:11:23.326,0,[],0
1157,2009-11-20 17:27:23.635,0,[],0
1158,2009-11-20 20:41:21.234,1,"[{'lat': -29.753, 'long': -177.045, 'Time': Timestamp('2009-11-20 23:15:57'), 'mag': 5.1}]",1
1159,2009-11-20 23:54:53.742,0,[],0
1160,2009-11-21 08:04:19.969,0,[],0
1161,2009-11-21 11:22:53.929,0,[],0
1162,2009-11-21 14:41:18.861,0,[],0
1163,2009-11-21 17:57:24.037,1,"[{'lat': 14.198, 'long': -92.165, 'Time': Timestamp('2009-11-21 21:18:46'), 'mag': 5.1}, {'lat': 14.198, 'long': -92.165, 'Time': Timestamp('2009-11-21 21:18:46'), 'mag': 5.1}, {'lat': 14.198, 'long': -92.165, 'Time': Timestamp('2009-11-21 21:18:46'), 'mag': 5.1}]",3
1164,2009-11-21 21:10:53.089,1,"[{'lat': -31.407, 'long': -178.882, 'Time': Timestamp('2009-11-21 22:52:17'), 'mag': 5.2}, {'lat': -31.407, 'long': -178.882, 'Time': Timestamp('2009-11-21 22:52:17'), 'mag': 5.2}, {'lat': -31.407, 'long': -178.882, 'Time': Timestamp('2009-11-21 22:52:17'), 'mag': 5.2}]",3
1165,2009-11-22 00:24:50.464,0,[],0
1166,2009-11-22 08:34:20.263,0,[],0
1167,2009-11-22 11:53:23.331,0,[],0
1168,2009-11-22 15:11:51.141,0,[],0
1169,2009-11-22 21:40:50.355,1,"[{'lat': -31.569, 'long': 179.467, 'Time': Timestamp('2009-11-22 22:47:27'), 'mag': 6.2}, {'lat': -31.569, 'long': 179.467, 'Time': Timestamp('2009-11-22 22:47:27'), 'mag': 6.2}, {'lat': -31.569, 'long': 179.467, 'Time': Timestamp('2009-11-22 22:47:27'), 'mag': 6.2}]",3
1170,2009-11-23 00:54:53.846,0,[],0
1171,2009-11-23 05:49:55.924,0,[],0
1172,2009-11-23 09:04:50.664,0,[],0
1173,2009-11-23 12:24:23.732,0,[],0
1174,2009-11-23 15:41:53.875,0,[],0
1175,2009-11-23 18:56:49.832,0,[],0
1176,2009-11-23 22:10:23.891,0,[],0
1177,2009-11-24 06:19:54.874,0,[],0
1178,2009-11-24 09:35:21.505,0,[],0
1179,2009-11-24 12:54:53.133,0,[],0
1180,2009-11-24 16:11:53.187,1,"[{'lat': -45.5, 'long': -80.5, 'Time': Timestamp('2009-11-24 17:45:12'), 'mag': 5.1}, {'lat': -45.5, 'long': -80.5, 'Time': Timestamp('2009-11-24 17:45:12'), 'mag': 5.1}, {'lat': -45.5, 'long': -80.5, 'Time': Timestamp('2009-11-24 17:45:12'), 'mag': 5.1}]",3
1181,2009-11-24 19:26:23.552,0,[],0
1182,2009-11-25 00:17:18.086,0,[],0
1183,2009-11-25 06:49:52.623,0,[],0
1184,2009-11-25 10:05:54.936,0,[],0
1185,2009-11-25 13:25:23.797,0,[],0
1186,2009-11-25 23:09:53.956,0,[],0
1187,2009-11-26 07:20:22.286,0,[],0
1188,2009-11-26 10:36:50.241,1,"[{'lat': 36.091, 'long': 21.4, 'Time': Timestamp('2009-11-26 15:09:16'), 'mag': 5.0}, {'lat': 36.091, 'long': 21.4, 'Time': Timestamp('2009-11-26 15:09:16'), 'mag': 5.0}, {'lat': 36.091, 'long': 21.4, 'Time': Timestamp('2009-11-26 15:09:16'), 'mag': 5.0}]",3
1189,2009-11-26 13:55:21.948,0,[],0
1190,2009-11-26 17:11:53.251,1,"[{'lat': 13.514, 'long': -89.907, 'Time': Timestamp('2009-11-26 19:08:11'), 'mag': 5.9}, {'lat': 13.514, 'long': -89.907, 'Time': Timestamp('2009-11-26 19:08:11'), 'mag': 5.9}, {'lat': -55.372, 'long': -128.65, 'Time': Timestamp('2009-11-26 17:40:02'), 'mag': 5.1}, {'lat': -55.651, 'long': -128.358, 'Time': Timestamp('2009-11-26 18:58:00'), 'mag': 5.2}, {'lat': -55.372, 'long': -128.65, 'Time': Timestamp('2009-11-26 17:40:02'), 'mag': 5.1}, {'lat': -55.651, 'long': -128.358, 'Time': Timestamp('2009-11-26 18:58:00'), 'mag': 5.2}, {'lat': -55.372, 'long': -128.65, 'Time': Timestamp('2009-11-26 17:40:02'), 'mag': 5.1}, {'lat': -55.651, 'long': -128.358, 'Time': Timestamp('2009-11-26 18:58:00'), 'mag': 5.2}]",8
1191,2009-11-26 20:25:53.304,0,[],0
1192,2009-11-27 01:16:51.698,1,"[{'lat': 43.907, 'long': 147.235, 'Time': Timestamp('2009-11-27 04:36:47'), 'mag': 5.0}, {'lat': 43.907, 'long': 147.235, 'Time': Timestamp('2009-11-27 04:36:47'), 'mag': 5.0}, {'lat': 43.907, 'long': 147.235, 'Time': Timestamp('2009-11-27 04:36:47'), 'mag': 5.0}]",3
1193,2009-11-27 06:11:55.640,0,[],0
1194,2009-11-27 09:27:51.944,0,[],0
1195,2009-11-27 17:41:53.652,0,[],0
1196,2009-11-28 06:42:23.509,0,[],0
1197,2009-11-28 09:58:25.113,0,[],0
1198,2009-11-28 13:17:23.973,0,[],0
1199,2009-11-28 16:34:24.027,0,[],0
1200,2009-11-28 19:48:54.080,0,[],0
1201,2009-11-28 23:02:23.133,0,[],0
1202,2009-11-29 07:12:22.463,0,[],0
1203,2009-11-29 10:28:49.202,0,[],0
1204,2009-11-29 13:47:53.374,1,"[{'lat': -21.968, 'long': -65.717, 'Time': Timestamp('2009-11-29 17:05:30'), 'mag': 5.4}, {'lat': -21.968, 'long': -65.717, 'Time': Timestamp('2009-11-29 17:05:30'), 'mag': 5.4}, {'lat': -21.968, 'long': -65.717, 'Time': Timestamp('2009-11-29 17:05:30'), 'mag': 5.4}]",3
1205,2009-11-30 01:09:19.219,0,[],0
1206,2009-11-30 06:04:25.818,0,[],0
1207,2009-11-30 09:19:46.696,0,[],0
1208,2009-11-30 12:38:53.748,0,[],0
1209,2009-11-30 15:56:23.334,0,[],0
1210,2009-11-30 19:11:23.855,0,[],0
1211,2009-11-30 22:24:53.909,1,"[{'lat': -16.321, 'long': 167.856, 'Time': Timestamp('2009-12-01 01:01:56'), 'mag': 5.1}, {'lat': -16.321, 'long': 167.856, 'Time': Timestamp('2009-12-01 01:01:56'), 'mag': 5.1}, {'lat': -16.321, 'long': 167.856, 'Time': Timestamp('2009-12-01 01:01:56'), 'mag': 5.1}]",3
1212,2009-12-01 01:39:17.288,1,"[{'lat': -5.086, 'long': 152.057, 'Time': Timestamp('2009-12-01 05:11:22'), 'mag': 5.2}, {'lat': -5.086, 'long': 152.057, 'Time': Timestamp('2009-12-01 05:11:22'), 'mag': 5.2}, {'lat': -5.086, 'long': 152.057, 'Time': Timestamp('2009-12-01 05:11:22'), 'mag': 5.2}]",3
1213,2009-12-01 06:34:29.098,0,[],0
1214,2009-12-01 09:50:21.522,0,[],0
1215,2009-12-01 13:09:53.150,0,[],0
1216,2009-12-01 16:26:53.204,0,[],0
1217,2009-12-01 19:40:53.256,0,[],0
1218,2009-12-01 22:54:53.310,0,[],0
1219,2009-12-02 02:09:22.113,1,"[{'lat': 37.223, 'long': 141.362, 'Time': Timestamp('2009-12-02 06:14:29'), 'mag': 5.1}, {'lat': 37.223, 'long': 141.362, 'Time': Timestamp('2009-12-02 06:14:29'), 'mag': 5.1}]",2
1220,2009-12-02 07:04:56.736,0,[],0
1221,2009-12-02 10:20:50.860,0,[],0
1222,2009-12-02 13:39:53.816,0,[],0
1223,2009-12-02 23:24:23.975,1,"[{'lat': 53.693, 'long': -165.518, 'Time': Timestamp('2009-12-03 01:56:36'), 'mag': 5.3}, {'lat': 53.693, 'long': -165.518, 'Time': Timestamp('2009-12-03 01:56:36'), 'mag': 5.3}, {'lat': 53.693, 'long': -165.518, 'Time': Timestamp('2009-12-03 01:56:36'), 'mag': 5.3}]",3
1224,2009-12-03 07:35:23.299,0,[],0
1225,2009-12-03 10:51:53.029,0,[],0
1226,2009-12-03 19:03:49.402,0,[],0
1227,2009-12-03 22:17:23.350,0,[],0
1228,2009-12-04 06:26:50.236,0,[],0
1229,2009-12-04 09:42:50.710,0,[],0
1230,2009-12-04 13:01:53.666,0,[],0
1231,2009-12-04 16:18:53.720,0,[],0
1232,2009-12-04 19:33:23.773,0,[],0
1233,2009-12-05 00:24:18.619,1,"[{'lat': 55.224, 'long': 161.835, 'Time': Timestamp('2009-12-05 00:58:58'), 'mag': 5.0}, {'lat': 55.224, 'long': 161.835, 'Time': Timestamp('2009-12-05 00:58:58'), 'mag': 5.0}, {'lat': 55.224, 'long': 161.835, 'Time': Timestamp('2009-12-05 00:58:58'), 'mag': 5.0}, {'lat': -51.491, 'long': 139.207, 'Time': Timestamp('2009-12-05 06:03:36'), 'mag': 5.1}, {'lat': -51.491, 'long': 139.207, 'Time': Timestamp('2009-12-05 06:03:36'), 'mag': 5.1}]",5
1234,2009-12-05 05:18:56.343,0,[],0
1235,2009-12-05 08:33:53.986,0,[],0
1236,2009-12-05 11:52:54.040,0,[],0
1237,2009-12-05 15:10:52.179,0,[],0
1238,2009-12-05 18:26:19.030,0,[],0
1239,2009-12-05 21:39:50.065,0,[],0
1240,2009-12-06 00:53:53.253,0,[],0
1241,2009-12-06 05:48:55.634,0,[],0
1242,2009-12-06 09:04:20.374,0,[],0
1243,2009-12-06 12:23:23.441,0,[],0
1244,2009-12-06 15:41:22.257,0,[],0
1245,2009-12-06 18:55:50.870,0,[],0
1246,2009-12-06 22:09:53.601,0,[],0
1247,2009-12-07 01:23:51.969,0,[],0
1248,2009-12-07 06:19:24.584,0,[],0
1249,2009-12-07 09:34:52.215,0,[],0
1250,2009-12-07 12:53:53.843,0,[],0
1251,2009-12-07 16:11:23.897,0,[],0
1252,2009-12-07 19:25:54.263,0,[],0
1253,2009-12-07 22:39:24.003,0,[],0
1254,2009-12-08 08:26:18.822,0,[],0
1255,2009-12-08 18:18:53.324,1,"[{'lat': 19.261, 'long': -104.901, 'Time': Timestamp('2009-12-08 18:24:07'), 'mag': 5.0}, {'lat': 19.206, 'long': -104.916, 'Time': Timestamp('2009-12-08 19:34:02'), 'mag': 5.1}, {'lat': 19.261, 'long': -104.901, 'Time': Timestamp('2009-12-08 18:24:07'), 'mag': 5.0}, {'lat': 19.206, 'long': -104.916, 'Time': Timestamp('2009-12-08 19:34:02'), 'mag': 5.1}]",4
1256,2009-12-09 07:19:55.502,0,[],0
1257,2009-12-09 12:15:53.809,1,"[{'lat': -0.642, 'long': -21.072, 'Time': Timestamp('2009-12-09 16:00:43'), 'mag': 6.4}, {'lat': -0.642, 'long': -21.072, 'Time': Timestamp('2009-12-09 16:00:43'), 'mag': 6.4}]",2
1258,2009-12-09 15:33:28.706,0,[],0
1259,2009-12-09 18:48:23.916,0,[],0
1260,2009-12-09 22:02:23.969,0,[],0
1261,2009-12-10 01:16:22.336,1,"[{'lat': 53.417, 'long': 152.756, 'Time': Timestamp('2009-12-10 02:30:52'), 'mag': 6.3}, {'lat': 53.417, 'long': 152.756, 'Time': Timestamp('2009-12-10 02:30:52'), 'mag': 6.3}, {'lat': 53.417, 'long': 152.756, 'Time': Timestamp('2009-12-10 02:30:52'), 'mag': 6.3}, {'lat': -7.316, 'long': 129.226, 'Time': Timestamp('2009-12-10 03:13:24'), 'mag': 5.1}, {'lat': -7.316, 'long': 129.226, 'Time': Timestamp('2009-12-10 03:13:24'), 'mag': 5.1}, {'lat': -7.316, 'long': 129.226, 'Time': Timestamp('2009-12-10 03:13:24'), 'mag': 5.1}]",6
1262,2009-12-10 06:11:25.279,0,[],0
1263,2009-12-10 09:27:21.583,0,[],0
1264,2009-12-10 12:46:23.210,0,[],0
1265,2009-12-10 16:03:53.264,0,[],0
1266,2009-12-10 19:18:23.317,0,[],0
1267,2009-12-10 22:31:53.370,1,"[{'lat': -17.398, 'long': -173.008, 'Time': Timestamp('2009-12-10 23:03:14'), 'mag': 5.1}, {'lat': -17.398, 'long': -173.008, 'Time': Timestamp('2009-12-10 23:03:14'), 'mag': 5.1}, {'lat': -17.398, 'long': -173.008, 'Time': Timestamp('2009-12-10 23:03:14'), 'mag': 5.1}, {'lat': -12.422, 'long': 166.691, 'Time': Timestamp('2009-12-11 03:36:52'), 'mag': 5.0}, {'lat': -12.422, 'long': 166.691, 'Time': Timestamp('2009-12-11 03:36:52'), 'mag': 5.0}, {'lat': -12.422, 'long': 166.691, 'Time': Timestamp('2009-12-11 03:36:52'), 'mag': 5.0}]",6
1268,2009-12-11 01:46:20.957,0,[],0
1269,2009-12-11 05:03:27.093,0,[],0
1270,2009-12-11 08:18:21.844,0,[],0
1271,2009-12-11 11:37:23.584,0,[],0
1272,2009-12-11 16:33:53.665,0,[],0
1273,2009-12-11 19:47:53.718,0,[],0
1274,2009-12-12 00:38:52.659,1,"[{'lat': 52.992, 'long': 157.972, 'Time': Timestamp('2009-12-12 02:16:52'), 'mag': 5.1}, {'lat': 52.992, 'long': 157.972, 'Time': Timestamp('2009-12-12 02:16:52'), 'mag': 5.1}, {'lat': 52.992, 'long': 157.972, 'Time': Timestamp('2009-12-12 02:16:52'), 'mag': 5.1}]",3
1275,2009-12-12 07:11:53.102,0,[],0
1276,2009-12-12 10:28:19.840,0,[],0
1277,2009-12-12 13:47:24.013,0,[],0
1278,2009-12-12 17:03:54.066,1,"[{'lat': 19.151, 'long': -104.938, 'Time': Timestamp('2009-12-12 17:05:20'), 'mag': 5.2}, {'lat': 19.151, 'long': -104.938, 'Time': Timestamp('2009-12-12 17:05:20'), 'mag': 5.2}, {'lat': 19.151, 'long': -104.938, 'Time': Timestamp('2009-12-12 17:05:20'), 'mag': 5.2}]",3
1279,2009-12-12 20:17:53.119,0,[],0
1280,2009-12-12 23:31:23.172,0,[],0
1281,2009-12-13 07:42:15.304,0,[],0
1282,2009-12-13 10:58:53.360,0,[],0
1283,2009-12-13 14:17:50.502,0,[],0
1284,2009-12-14 01:38:46.926,1,"[{'lat': -10.028, 'long': 123.661, 'Time': Timestamp('2009-12-14 03:05:24'), 'mag': 5.5}, {'lat': -10.028, 'long': 123.661, 'Time': Timestamp('2009-12-14 03:05:24'), 'mag': 5.5}, {'lat': -10.028, 'long': 123.661, 'Time': Timestamp('2009-12-14 03:05:24'), 'mag': 5.5}]",3
1285,2009-12-14 06:33:58.736,0,[],0
1286,2009-12-14 09:49:50.832,0,[],0
1287,2009-12-14 13:08:53.788,1,"[{'lat': -55.466, 'long': -26.865, 'Time': Timestamp('2009-12-14 18:45:17'), 'mag': 5.0}]",1
1288,2009-12-14 16:25:53.842,0,[],0
1289,2009-12-14 19:40:23.895,0,[],0
1290,2009-12-14 22:54:23.948,0,[],0
1291,2009-12-15 08:40:51.423,0,[],0
1292,2009-12-15 12:00:23.162,0,[],0
1293,2009-12-15 15:18:25.181,0,[],0
1294,2009-12-15 18:33:19.152,0,[],0
1295,2009-12-15 21:46:52.843,0,[],0
1296,2009-12-16 01:00:49.034,0,[],0
1297,2009-12-16 05:56:22.095,0,[],0
1298,2009-12-16 09:11:23.264,0,[],0
1299,2009-12-16 12:30:53.832,0,[],0
1300,2009-12-16 22:16:53.991,0,[],0
1301,2009-12-17 06:26:19.878,0,[],0
1302,2009-12-17 09:42:20.277,0,[],0
1303,2009-12-17 13:01:23.233,1,"[{'lat': 42.447, 'long': -30.565, 'Time': Timestamp('2009-12-17 14:55:36'), 'mag': 5.5}, {'lat': 42.447, 'long': -30.565, 'Time': Timestamp('2009-12-17 14:55:36'), 'mag': 5.5}, {'lat': 42.447, 'long': -30.565, 'Time': Timestamp('2009-12-17 14:55:36'), 'mag': 5.5}]",3
1304,2009-12-17 16:18:23.287,0,[],0
1305,2009-12-17 19:32:53.340,0,[],0
1306,2009-12-17 22:46:23.392,1,"[{'lat': 59.0436, 'long': -153.4015, 'Time': Timestamp('2009-12-18 03:33:14'), 'mag': 5.1}, {'lat': 59.0436, 'long': -153.4015, 'Time': Timestamp('2009-12-18 03:33:14'), 'mag': 5.1}]",2
1307,2009-12-18 08:33:23.553,0,[],0
1308,2009-12-18 11:52:23.607,0,[],0
1309,2009-12-18 15:10:21.418,0,[],0
1310,2009-12-18 18:25:49.596,0,[],0
1311,2009-12-18 21:39:20.632,1,"[{'lat': -21.623, 'long': -174.518, 'Time': Timestamp('2009-12-19 01:59:14'), 'mag': 5.1}, {'lat': -21.623, 'long': -174.518, 'Time': Timestamp('2009-12-19 01:59:14'), 'mag': 5.1}]",2
1312,2009-12-19 00:53:23.820,0,[],0
1313,2009-12-19 05:48:26.200,0,[],0
1314,2009-12-19 09:03:50.941,0,[],0
1315,2009-12-19 12:22:54.008,0,[],0
1316,2009-12-19 15:40:52.823,0,[],0
1317,2009-12-19 18:55:20.437,0,[],0
1318,2009-12-19 22:09:23.168,0,[],0
1319,2009-12-20 01:23:21.537,0,[],0
1320,2009-12-20 06:18:54.150,0,[],0
1321,2009-12-20 12:53:23.409,0,[],0
1322,2009-12-20 21:02:23.543,0,[],0
1323,2009-12-21 00:15:45.594,0,[],0
1324,2009-12-21 06:48:52.900,0,[],0
1325,2009-12-21 10:04:54.951,0,[],0
1326,2009-12-21 13:23:53.811,0,[],0
1327,2009-12-21 16:40:53.865,0,[],0
1328,2009-12-21 19:54:53.918,0,[],0
1329,2009-12-21 23:08:53.970,0,[],0
1330,2009-12-22 07:19:25.069,0,[],0
1331,2009-12-22 10:35:20.256,0,[],0
1332,2009-12-22 13:54:21.962,0,[],0
1333,2009-12-22 17:10:53.266,0,[],0
1334,2009-12-22 20:24:53.318,0,[],0
1335,2009-12-22 23:38:53.371,0,[],0
1336,2009-12-23 09:26:19.459,0,[],0
1337,2009-12-23 12:45:53.858,1,"[{'lat': -60.424, 'long': -26.912, 'Time': Timestamp('2009-12-23 18:40:15'), 'mag': 5.1}, {'lat': -60.424, 'long': -26.912, 'Time': Timestamp('2009-12-23 18:40:15'), 'mag': 5.1}]",2
1338,2009-12-23 16:03:23.911,0,[],0
1339,2009-12-23 19:17:53.964,0,[],0
1340,2009-12-24 00:08:24.133,1,"[{'lat': -5.46, 'long': 145.633, 'Time': Timestamp('2009-12-24 05:05:34'), 'mag': 5.4}, {'lat': -5.46, 'long': 145.633, 'Time': Timestamp('2009-12-24 05:05:34'), 'mag': 5.4}, {'lat': -5.46, 'long': 145.633, 'Time': Timestamp('2009-12-24 05:05:34'), 'mag': 5.4}]",3
1341,2009-12-24 03:25:23.511,0,[],0
1342,2009-12-24 06:41:22.794,0,[],0
1343,2009-12-24 09:57:24.399,0,[],0
1344,2009-12-24 13:16:23.259,0,[],0
1345,2009-12-24 16:33:23.313,0,[],0
1346,2009-12-24 19:47:23.365,0,[],0
1347,2009-12-24 23:01:23.418,0,[],0
1348,2009-12-25 08:48:20.566,0,[],0
1349,2009-12-25 12:07:23.633,0,[],0
1350,2009-12-25 15:25:18.787,0,[],0
1351,2009-12-25 18:40:18.294,0,[],0
1352,2009-12-25 21:54:21.986,0,[],0
1353,2009-12-26 01:08:19.504,1,"[{'lat': 53.889, 'long': 161.432, 'Time': Timestamp('2009-12-26 04:14:07'), 'mag': 5.0}, {'lat': 53.889, 'long': 161.432, 'Time': Timestamp('2009-12-26 04:14:07'), 'mag': 5.0}, {'lat': 53.889, 'long': 161.432, 'Time': Timestamp('2009-12-26 04:14:07'), 'mag': 5.0}, {'lat': 6.482, 'long': 126.369, 'Time': Timestamp('2009-12-26 05:09:28'), 'mag': 5.6}, {'lat': 6.421, 'long': 126.4, 'Time': Timestamp('2009-12-26 06:59:16'), 'mag': 5.2}, {'lat': 6.482, 'long': 126.369, 'Time': Timestamp('2009-12-26 05:09:28'), 'mag': 5.6}, {'lat': 6.421, 'long': 126.4, 'Time': Timestamp('2009-12-26 06:59:16'), 'mag': 5.2}]",7
1354,2009-12-26 06:03:26.104,0,[],0
1355,2009-12-26 09:18:46.982,0,[],0
1356,2009-12-26 12:37:54.035,0,[],0
1357,2009-12-26 15:55:22.620,0,[],0
1358,2009-12-26 19:10:23.141,0,[],0
1359,2009-12-26 22:23:53.194,1,"[{'lat': 56.3334, 'long': -152.6155, 'Time': Timestamp('2009-12-27 03:12:42'), 'mag': 5.3}, {'lat': 56.3334, 'long': -152.6155, 'Time': Timestamp('2009-12-27 03:12:42'), 'mag': 5.3}, {'lat': 56.3334, 'long': -152.6155, 'Time': Timestamp('2009-12-27 03:12:42'), 'mag': 5.3}]",3
1360,2009-12-27 01:38:16.573,0,[],0
1361,2009-12-27 06:33:28.384,0,[],0
1362,2009-12-27 09:49:21.808,0,[],0
1363,2009-12-27 13:08:23.435,0,[],0
1364,2009-12-27 22:53:53.596,0,[],0
1365,2009-12-28 08:40:50.742,0,[],0
1366,2009-12-28 11:59:53.809,0,[],0
1367,2009-12-28 15:17:53.060,0,[],0
1368,2009-12-28 18:32:49.798,0,[],0
1369,2009-12-28 21:46:23.490,0,[],0
1370,2009-12-29 01:00:48.354,1,"[{'lat': -5.173, 'long': 152.268, 'Time': Timestamp('2009-12-29 05:12:29'), 'mag': 5.3}, {'lat': -5.173, 'long': 152.268, 'Time': Timestamp('2009-12-29 05:12:29'), 'mag': 5.3}, {'lat': -5.173, 'long': 152.268, 'Time': Timestamp('2009-12-29 05:12:29'), 'mag': 5.3}]",3
1371,2009-12-29 05:55:55.838,1,"[{'lat': 24.357, 'long': 94.807, 'Time': Timestamp('2009-12-29 09:01:55'), 'mag': 5.6}, {'lat': 24.357, 'long': 94.807, 'Time': Timestamp('2009-12-29 09:01:55'), 'mag': 5.6}]",2
1372,2009-12-29 09:10:52.912,1,"[{'lat': 32.567, 'long': 15.064, 'Time': Timestamp('2009-12-29 11:08:54'), 'mag': 5.0}, {'lat': 32.567, 'long': 15.064, 'Time': Timestamp('2009-12-29 11:08:54'), 'mag': 5.0}, {'lat': 32.567, 'long': 15.064, 'Time': Timestamp('2009-12-29 11:08:54'), 'mag': 5.0}]",3
1373,2009-12-29 12:30:23.211,0,[],0
1374,2009-12-29 15:47:52.026,0,[],0
1375,2009-12-29 19:02:49.423,0,[],0
1376,2009-12-29 22:16:23.371,1,"[{'lat': 52.062, 'long': -171.421, 'Time': Timestamp('2009-12-29 23:12:18'), 'mag': 5.1}, {'lat': 52.062, 'long': -171.421, 'Time': Timestamp('2009-12-29 23:12:18'), 'mag': 5.1}, {'lat': 52.062, 'long': -171.421, 'Time': Timestamp('2009-12-29 23:12:18'), 'mag': 5.1}]",3
1377,2009-12-30 08:04:19.737,0,[],0
1378,2009-12-30 11:21:23.857,0,[],0
1379,2009-12-30 14:39:48.788,0,[],0
1380,2009-12-30 21:09:24.017,0,[],0
1381,2009-12-31 00:23:18.835,0,[],0
1382,2009-12-31 05:17:55.561,1,"[{'lat': 27.319, 'long': 91.51, 'Time': Timestamp('2009-12-31 09:57:29'), 'mag': 5.5}, {'lat': 27.319, 'long': 91.51, 'Time': Timestamp('2009-12-31 09:57:29'), 'mag': 5.5}]",2
1383,2009-12-31 08:32:53.204,0,[],0
1384,2009-12-31 11:51:53.257,0,[],0
1385,2009-12-31 15:09:51.069,0,[],0
1386,2009-12-31 18:25:19.246,0,[],0
1387,2009-12-31 21:38:48.954,0,[],0
1388,2010-01-01 00:52:53.471,0,[],0
1389,2010-01-01 05:47:55.850,0,[],0
1390,2010-01-01 09:03:20.592,0,[],0
1391,2010-01-01 12:22:23.659,0,[],0
1392,2010-01-01 15:40:22.474,0,[],0
1393,2010-01-01 18:54:51.087,0,[],0
1394,2010-01-01 22:08:53.819,0,[],0
1395,2010-01-02 07:56:50.185,0,[],0
1396,2010-01-02 11:13:24.033,0,[],0
1397,2010-01-02 14:31:49.070,0,[],0
1398,2010-01-02 17:47:53.141,0,[],0
1399,2010-01-02 21:01:53.194,0,[],0
1400,2010-01-03 00:15:43.917,1,"[{'lat': -5.297, 'long': 145.859, 'Time': Timestamp('2010-01-03 04:11:39'), 'mag': 5.8}, {'lat': -5.297, 'long': 145.859, 'Time': Timestamp('2010-01-03 04:11:39'), 'mag': 5.8}, {'lat': -5.297, 'long': 145.859, 'Time': Timestamp('2010-01-03 04:11:39'), 'mag': 5.8}]",3
1401,2010-01-03 06:48:26.646,0,[],0
1402,2010-01-03 10:04:24.601,0,[],0
1403,2010-01-03 15:02:22.574,1,"[{'lat': -8.802, 'long': -77.718, 'Time': Timestamp('2010-01-03 20:39:12'), 'mag': 5.7}, {'lat': -8.802, 'long': -77.718, 'Time': Timestamp('2010-01-03 20:39:12'), 'mag': 5.7}, {'lat': -8.802, 'long': -77.718, 'Time': Timestamp('2010-01-03 20:39:12'), 'mag': 5.7}]",3
1404,2010-01-03 18:17:53.542,0,[],0
1405,2010-01-03 21:31:23.594,0,[],0
1406,2010-01-04 00:45:18.413,1,"[{'lat': -8.948, 'long': 157.76, 'Time': Timestamp('2010-01-04 01:47:18'), 'mag': 5.4}, {'lat': -8.923, 'long': 157.618, 'Time': Timestamp('2010-01-04 02:08:12'), 'mag': 5.2}, {'lat': -8.917, 'long': 157.606, 'Time': Timestamp('2010-01-04 04:17:50'), 'mag': 5.6}, {'lat': -9.098, 'long': 157.812, 'Time': Timestamp('2010-01-04 05:41:19'), 'mag': 5.1}, {'lat': -8.948, 'long': 157.76, 'Time': Timestamp('2010-01-04 01:47:18'), 'mag': 5.4}, {'lat': -8.923, 'long': 157.618, 'Time': Timestamp('2010-01-04 02:08:12'), 'mag': 5.2}, {'lat': -8.917, 'long': 157.606, 'Time': Timestamp('2010-01-04 04:17:50'), 'mag': 5.6}, {'lat': -9.098, 'long': 157.812, 'Time': Timestamp('2010-01-04 05:41:19'), 'mag': 5.1}, {'lat': -8.948, 'long': 157.76, 'Time': Timestamp('2010-01-04 01:47:18'), 'mag': 5.4}, {'lat': -8.923, 'long': 157.618, 'Time': Timestamp('2010-01-04 02:08:12'), 'mag': 5.2}, {'lat': -8.917, 'long': 157.606, 'Time': Timestamp('2010-01-04 04:17:50'), 'mag': 5.6}, {'lat': -9.098, 'long': 157.812, 'Time': Timestamp('2010-01-04 05:41:19'), 'mag': 5.1}]",12
1407,2010-01-04 05:40:24.699,0,[],0
1408,2010-01-04 08:55:22.096,0,[],0
1409,2010-01-04 12:14:53.835,0,[],0
1410,2010-01-04 15:32:21.870,0,[],0
1411,2010-01-04 18:47:23.942,0,[],0
1412,2010-01-04 22:01:23.996,0,[],0
1413,2010-01-05 01:15:22.364,0,[],0
1414,2010-01-05 06:10:25.305,0,[],0
1415,2010-01-05 09:26:20.280,0,[],0
1416,2010-01-05 12:45:23.237,0,[],0
1417,2010-01-05 16:02:53.290,0,[],0
1418,2010-01-05 19:17:23.343,0,[],0
1419,2010-01-06 00:07:53.512,1,"[{'lat': -7.86, 'long': 157.454, 'Time': Timestamp('2010-01-06 04:29:56'), 'mag': 5.0}, {'lat': -7.86, 'long': 157.454, 'Time': Timestamp('2010-01-06 04:29:56'), 'mag': 5.0}, {'lat': -9.062, 'long': 157.763, 'Time': Timestamp('2010-01-06 05:22:03'), 'mag': 5.0}]",3
1420,2010-01-06 05:02:27.120,0,[],0
1421,2010-01-06 08:19:24.752,0,[],0
1422,2010-01-06 11:36:23.889,1,"[{'lat': -41.605, 'long': -16.568, 'Time': Timestamp('2010-01-06 16:38:35'), 'mag': 5.6}, {'lat': -41.605, 'long': -16.568, 'Time': Timestamp('2010-01-06 16:38:35'), 'mag': 5.6}, {'lat': -41.605, 'long': -16.568, 'Time': Timestamp('2010-01-06 16:38:35'), 'mag': 5.6}]",3
1423,2010-01-06 14:54:50.259,0,[],0
1424,2010-01-06 18:10:23.995,0,[],0
1425,2010-01-06 21:23:54.049,0,[],0
1426,2010-01-07 00:37:51.963,1,"[{'lat': -21.392, 'long': 171.341, 'Time': Timestamp('2010-01-07 02:24:25'), 'mag': 5.1}]",1
1427,2010-01-07 07:10:56.501,0,[],0
1428,2010-01-07 10:27:39.624,0,[],0
1429,2010-01-07 13:46:23.316,0,[],0
1430,2010-01-07 17:02:53.370,0,[],0
1431,2010-01-07 20:16:53.423,0,[],0
1432,2010-01-07 23:30:53.476,1,"[{'lat': -8.798, 'long': 157.616, 'Time': Timestamp('2010-01-08 04:29:08'), 'mag': 5.0}, {'lat': -8.798, 'long': 157.616, 'Time': Timestamp('2010-01-08 04:29:08'), 'mag': 5.0}, {'lat': -8.798, 'long': 157.616, 'Time': Timestamp('2010-01-08 04:29:08'), 'mag': 5.0}]",3
1433,2010-01-08 07:41:22.807,0,[],0
1434,2010-01-08 10:57:53.663,0,[],0
1435,2010-01-08 14:16:50.805,0,[],0
1436,2010-01-08 17:32:53.771,0,[],0
1437,2010-01-08 20:46:53.824,0,[],0
1438,2010-01-09 00:00:21.299,1,"[{'lat': -9.131, 'long': 157.626, 'Time': Timestamp('2010-01-09 05:51:30'), 'mag': 6.2}, {'lat': -9.131, 'long': 157.626, 'Time': Timestamp('2010-01-09 05:51:30'), 'mag': 6.2}, {'lat': -9.131, 'long': 157.626, 'Time': Timestamp('2010-01-09 05:51:30'), 'mag': 6.2}]",3
1439,2010-01-09 08:09:52.872,0,[],0
1440,2010-01-09 11:28:54.064,0,[],0
1441,2010-01-09 14:46:52.093,0,[],0
1442,2010-01-09 18:02:53.173,0,[],0
1443,2010-01-09 21:16:23.225,1,"[{'lat': 40.652, 'long': -124.6925, 'Time': Timestamp('2010-01-10 00:27:39'), 'mag': 6.5}, {'lat': 40.652, 'long': -124.6925, 'Time': Timestamp('2010-01-10 00:27:39'), 'mag': 6.5}]",2
1444,2010-01-10 00:30:20.600,0,[],0
1445,2010-01-10 07:03:26.678,0,[],0
1446,2010-01-10 10:19:49.209,0,[],0
1447,2010-01-10 13:38:53.493,0,[],0
1448,2010-01-10 23:23:23.653,0,[],0
1449,2010-01-11 07:33:53.977,0,[],0
1450,2010-01-11 10:50:23.707,0,[],0
1451,2010-01-11 14:08:56.294,0,[],0
1452,2010-01-11 17:25:23.948,0,[],0
1453,2010-01-11 20:39:24.001,0,[],0
1454,2010-01-11 23:52:54.054,0,[],0
1455,2010-01-12 08:03:53.489,0,[],0
1456,2010-01-12 11:20:53.242,0,[],0
1457,2010-01-12 14:39:18.173,0,[],0
1458,2010-01-12 17:54:53.348,0,[],0
1459,2010-01-13 02:00:18.135,0,[],0
1460,2010-01-13 06:55:56.855,0,[],0
1461,2010-01-13 10:11:50.992,0,[],0
1462,2010-01-13 13:30:53.948,0,[],0
1463,2010-01-13 23:15:23.108,0,[],0
1464,2010-01-14 07:25:52.439,0,[],0
1465,2010-01-14 10:42:20.394,0,[],0
1466,2010-01-14 14:01:16.117,0,[],0
1467,2010-01-14 17:17:53.403,0,[],0
1468,2010-01-14 20:31:53.456,0,[],0
1469,2010-01-14 23:45:23.509,0,[],0
1470,2010-01-15 03:01:53.864,0,[],0
1471,2010-01-15 06:17:55.793,0,[],0
1472,2010-01-15 09:33:22.096,0,[],0
1473,2010-01-15 12:52:53.724,0,[],0
1474,2010-01-15 16:09:53.777,1,"[{'lat': 10.454, 'long': -63.475, 'Time': Timestamp('2010-01-15 18:00:46'), 'mag': 5.6}, {'lat': 10.454, 'long': -63.475, 'Time': Timestamp('2010-01-15 18:00:46'), 'mag': 5.6}, {'lat': 10.454, 'long': -63.475, 'Time': Timestamp('2010-01-15 18:00:46'), 'mag': 5.6}]",3
1475,2010-01-15 19:24:21.375,0,[],0
1476,2010-01-15 22:38:23.883,0,[],0
1477,2010-01-16 06:48:27.310,0,[],0
1478,2010-01-16 10:04:21.169,0,[],0
1479,2010-01-16 13:23:23.125,0,[],0
1480,2010-01-16 16:39:53.179,0,[],0
1481,2010-01-16 19:54:23.232,0,[],0
1482,2010-01-16 23:07:53.284,0,[],0
1483,2010-01-17 07:18:22.615,0,[],0
1484,2010-01-17 10:34:50.570,0,[],0
1485,2010-01-17 13:53:52.277,0,[],0
1486,2010-01-17 23:37:53.686,0,[],0
1487,2010-01-18 06:10:24.642,0,[],0
1488,2010-01-18 09:25:50.945,0,[],0
1489,2010-01-18 12:44:53.901,0,[],0
1490,2010-01-18 16:02:23.954,0,[],0
1491,2010-01-18 19:16:54.008,0,[],0
1492,2010-01-18 22:30:54.060,1,"[{'lat': -9.04, 'long': 158.08, 'Time': Timestamp('2010-01-18 23:11:03'), 'mag': 5.2}, {'lat': -8.952, 'long': 158.1, 'Time': Timestamp('2010-01-18 23:12:41'), 'mag': 5.1}, {'lat': -8.946, 'long': 158.128, 'Time': Timestamp('2010-01-19 00:16:58'), 'mag': 5.1}, {'lat': -8.997, 'long': 158.071, 'Time': Timestamp('2010-01-19 00:17:48'), 'mag': 5.6}]",4
1493,2010-01-19 06:40:24.165,0,[],0
1494,2010-01-19 09:56:24.442,0,[],0
1495,2010-01-19 13:15:23.301,1,"[{'lat': -27.584, 'long': -65.829, 'Time': Timestamp('2010-01-19 17:28:15'), 'mag': 5.2}]",1
1496,2010-01-19 16:32:23.356,0,[],0
1497,2010-01-20 00:37:18.254,0,[],0
1498,2010-01-20 05:32:25.979,0,[],0
1499,2010-01-20 08:47:21.936,0,[],0
1500,2010-01-20 12:06:53.676,0,[],0
1501,2010-01-20 15:24:22.926,1,"[{'lat': -57.773, 'long': -65.809, 'Time': Timestamp('2010-01-20 19:07:38'), 'mag': 5.1}, {'lat': -57.773, 'long': -65.809, 'Time': Timestamp('2010-01-20 19:07:38'), 'mag': 5.1}]",2
1502,2010-01-20 21:53:23.836,0,[],0
1503,2010-01-21 01:07:19.313,1,"[{'lat': 13.551, 'long': 125.46, 'Time': Timestamp('2010-01-21 02:02:03'), 'mag': 5.5}, {'lat': 13.551, 'long': 125.46, 'Time': Timestamp('2010-01-21 02:02:03'), 'mag': 5.5}]",2
1504,2010-01-21 06:02:26.268,0,[],0
1505,2010-01-21 09:18:21.121,0,[],0
1506,2010-01-21 12:37:24.077,0,[],0
1507,2010-01-21 15:54:51.334,0,[],0
1508,2010-01-21 19:09:23.184,0,[],0
1509,2010-01-21 22:23:23.237,1,"[{'lat': -19.513, 'long': 175.282, 'Time': Timestamp('2010-01-22 01:24:51'), 'mag': 5.3}, {'lat': -19.513, 'long': 175.282, 'Time': Timestamp('2010-01-22 01:24:51'), 'mag': 5.3}, {'lat': -19.513, 'long': 175.282, 'Time': Timestamp('2010-01-22 01:24:51'), 'mag': 5.3}]",3
1510,2010-01-22 06:32:58.437,0,[],0
1511,2010-01-22 09:48:50.523,0,[],0
1512,2010-01-22 14:46:55.247,0,[],0
1513,2010-01-22 18:02:23.558,0,[],0
1514,2010-01-22 21:15:53.612,1,"[{'lat': -15.338, 'long': -173.346, 'Time': Timestamp('2010-01-23 00:22:58'), 'mag': 5.3}, {'lat': -15.338, 'long': -173.346, 'Time': Timestamp('2010-01-23 00:22:58'), 'mag': 5.3}, {'lat': -28.583, 'long': -177.881, 'Time': Timestamp('2010-01-22 21:48:18'), 'mag': 5.0}, {'lat': -15.338, 'long': -173.346, 'Time': Timestamp('2010-01-23 00:22:58'), 'mag': 5.3}, {'lat': -28.583, 'long': -177.881, 'Time': Timestamp('2010-01-22 21:48:18'), 'mag': 5.0}, {'lat': -28.583, 'long': -177.881, 'Time': Timestamp('2010-01-22 21:48:18'), 'mag': 5.0}]",6
1515,2010-01-23 00:29:52.526,1,"[{'lat': -11.539, 'long': 166.359, 'Time': Timestamp('2010-01-23 04:43:40'), 'mag': 5.2}, {'lat': -11.539, 'long': 166.359, 'Time': Timestamp('2010-01-23 04:43:40'), 'mag': 5.2}, {'lat': -11.539, 'long': 166.359, 'Time': Timestamp('2010-01-23 04:43:40'), 'mag': 5.2}, {'lat': -5.923, 'long': 152.516, 'Time': Timestamp('2010-01-23 04:42:18'), 'mag': 5.1}]",4
1516,2010-01-23 07:02:52.968,0,[],0
1517,2010-01-23 10:19:19.595,0,[],0
1518,2010-01-23 13:38:23.879,0,[],0
1519,2010-01-23 16:54:53.933,1,"[{'lat': 8.335, 'long': -83.049, 'Time': Timestamp('2010-01-23 20:22:23'), 'mag': 5.0}, {'lat': 8.335, 'long': -83.049, 'Time': Timestamp('2010-01-23 20:22:23'), 'mag': 5.0}, {'lat': 8.335, 'long': -83.049, 'Time': Timestamp('2010-01-23 20:22:23'), 'mag': 5.0}]",3
1520,2010-01-23 20:08:53.986,0,[],0
1521,2010-01-23 23:22:54.039,0,[],0
1522,2010-01-24 07:33:20.595,0,[],0
1523,2010-01-24 10:49:50.325,0,[],0
1524,2010-01-24 14:08:54.352,0,[],0
1525,2010-01-24 20:38:53.387,0,[],0
1526,2010-01-24 23:52:23.440,1,"[{'lat': 46.701, 'long': 152.547, 'Time': Timestamp('2010-01-25 00:07:52'), 'mag': 5.0}, {'lat': 46.701, 'long': 152.547, 'Time': Timestamp('2010-01-25 00:07:52'), 'mag': 5.0}]",2
1527,2010-01-25 08:01:53.764,0,[],0
1528,2010-01-25 11:20:23.627,0,[],0
1529,2010-01-25 14:38:48.559,0,[],0
1530,2010-01-25 17:54:53.736,0,[],0
1531,2010-01-25 21:08:23.788,1,"[{'lat': -18.599, 'long': -173.696, 'Time': Timestamp('2010-01-25 21:38:55'), 'mag': 5.6}, {'lat': -18.599, 'long': -173.696, 'Time': Timestamp('2010-01-25 21:38:55'), 'mag': 5.6}, {'lat': -18.599, 'long': -173.696, 'Time': Timestamp('2010-01-25 21:38:55'), 'mag': 5.6}]",3
1532,2010-01-26 00:22:15.839,0,[],0
1533,2010-01-26 06:55:27.241,0,[],0
1534,2010-01-26 10:11:20.622,1,"[{'lat': -39.257, 'long': -15.9, 'Time': Timestamp('2010-01-26 15:22:06'), 'mag': 5.3}, {'lat': -39.257, 'long': -15.9, 'Time': Timestamp('2010-01-26 15:22:06'), 'mag': 5.3}, {'lat': -39.257, 'long': -15.9, 'Time': Timestamp('2010-01-26 15:22:06'), 'mag': 5.3}]",3
1535,2010-01-26 13:30:23.578,0,[],0
1536,2010-01-26 16:47:23.633,0,[],0
1537,2010-01-26 20:01:23.685,0,[],0
1538,2010-01-27 00:52:21.298,0,[],0
1539,2010-01-27 05:47:26.144,0,[],0
1540,2010-01-27 09:02:49.557,0,[],0
1541,2010-01-27 12:21:53.952,1,"[{'lat': -14.1, 'long': -14.554, 'Time': Timestamp('2010-01-27 17:42:45'), 'mag': 5.8}, {'lat': -14.1, 'long': -14.554, 'Time': Timestamp('2010-01-27 17:42:45'), 'mag': 5.8}, {'lat': -14.1, 'long': -14.554, 'Time': Timestamp('2010-01-27 17:42:45'), 'mag': 5.8}, {'lat': -38.904, 'long': -15.829, 'Time': Timestamp('2010-01-27 12:31:35'), 'mag': 5.4}, {'lat': -38.815, 'long': -15.93, 'Time': Timestamp('2010-01-27 15:47:59'), 'mag': 5.0}, {'lat': -38.904, 'long': -15.829, 'Time': Timestamp('2010-01-27 12:31:35'), 'mag': 5.4}, {'lat': -38.815, 'long': -15.93, 'Time': Timestamp('2010-01-27 15:47:59'), 'mag': 5.0}, {'lat': -38.904, 'long': -15.829, 'Time': Timestamp('2010-01-27 12:31:35'), 'mag': 5.4}, {'lat': -38.815, 'long': -15.93, 'Time': Timestamp('2010-01-27 15:47:59'), 'mag': 5.0}]",9
1542,2010-01-27 22:07:53.112,0,[],0
1543,2010-01-28 01:22:18.590,0,[],0
1544,2010-01-28 06:17:21.450,0,[],0
1545,2010-01-28 09:33:21.726,0,[],0
1546,2010-01-28 12:52:23.354,0,[],0
1547,2010-01-28 16:09:23.407,0,[],0
1548,2010-01-28 19:24:23.774,0,[],0
1549,2010-01-28 22:37:53.513,0,[],0
1550,2010-01-29 01:52:23.087,0,[],0
1551,2010-01-29 06:47:56.940,0,[],0
1552,2010-01-29 10:03:54.895,0,[],0
1553,2010-01-29 13:22:53.755,1,"[{'lat': -24.064, 'long': -66.698, 'Time': Timestamp('2010-01-29 14:24:34'), 'mag': 5.0}, {'lat': -24.064, 'long': -66.698, 'Time': Timestamp('2010-01-29 14:24:34'), 'mag': 5.0}]",2
1554,2010-01-29 16:39:53.809,1,"[{'lat': 1.514, 'long': -90.714, 'Time': Timestamp('2010-01-29 20:38:08'), 'mag': 5.2}, {'lat': 1.585, 'long': -90.602, 'Time': Timestamp('2010-01-29 20:47:53'), 'mag': 5.6}, {'lat': 1.514, 'long': -90.714, 'Time': Timestamp('2010-01-29 20:38:08'), 'mag': 5.2}, {'lat': 1.585, 'long': -90.602, 'Time': Timestamp('2010-01-29 20:47:53'), 'mag': 5.6}, {'lat': 1.514, 'long': -90.714, 'Time': Timestamp('2010-01-29 20:38:08'), 'mag': 5.2}, {'lat': 1.585, 'long': -90.602, 'Time': Timestamp('2010-01-29 20:47:53'), 'mag': 5.6}]",6
1555,2010-01-29 19:53:53.862,0,[],0
1556,2010-01-30 00:44:52.803,0,[],0
1557,2010-01-30 05:39:53.665,0,[],0
1558,2010-01-30 08:54:51.061,0,[],0
1559,2010-01-30 12:13:53.129,0,[],0
1560,2010-01-30 15:31:58.027,0,[],0
1561,2010-01-30 18:46:53.236,1,"[{'lat': -57.638, 'long': -141.462, 'Time': Timestamp('2010-01-30 19:21:27'), 'mag': 5.6}, {'lat': -57.638, 'long': -141.462, 'Time': Timestamp('2010-01-30 19:21:27'), 'mag': 5.6}, {'lat': -57.638, 'long': -141.462, 'Time': Timestamp('2010-01-30 19:21:27'), 'mag': 5.6}]",3
1562,2010-01-30 22:00:23.290,1,"[{'lat': -22.292, 'long': 171.532, 'Time': Timestamp('2010-01-30 22:59:59'), 'mag': 5.2}, {'lat': -22.292, 'long': 171.532, 'Time': Timestamp('2010-01-30 22:59:59'), 'mag': 5.2}, {'lat': -22.292, 'long': 171.532, 'Time': Timestamp('2010-01-30 22:59:59'), 'mag': 5.2}]",3
1563,2010-01-31 01:14:48.767,0,[],0
1564,2010-01-31 06:09:54.617,0,[],0
1565,2010-01-31 09:25:16.479,0,[],0
1566,2010-01-31 12:44:53.530,0,[],0
1567,2010-01-31 16:01:53.585,0,[],0
1568,2010-01-31 19:16:53.638,0,[],0
1569,2010-01-31 22:30:23.690,0,[],0
1570,2010-02-01 01:44:49.168,0,[],0
1571,2010-02-01 06:39:54.795,0,[],0
1572,2010-02-01 09:55:52.304,0,[],0
1573,2010-02-01 13:15:23.932,0,[],0
1574,2010-02-01 16:31:53.985,0,[],0
1575,2010-02-01 19:46:24.038,0,[],0
1576,2010-02-01 23:00:23.091,0,[],0
1577,2010-02-02 08:47:20.238,0,[],0
1578,2010-02-02 12:06:23.306,0,[],0
1579,2010-02-02 15:24:18.461,0,[],0
1580,2010-02-02 18:39:26.158,1,"[{'lat': -22.89, 'long': -112.204, 'Time': Timestamp('2010-02-02 23:35:28'), 'mag': 5.0}, {'lat': -22.89, 'long': -112.204, 'Time': Timestamp('2010-02-02 23:35:28'), 'mag': 5.0}, {'lat': -22.89, 'long': -112.204, 'Time': Timestamp('2010-02-02 23:35:28'), 'mag': 5.0}]",3
1581,2010-02-02 21:52:48.890,0,[],0
1582,2010-02-03 01:07:17.615,0,[],0
1583,2010-02-03 06:02:25.899,0,[],0
1584,2010-02-03 09:17:51.073,0,[],0
1585,2010-02-03 12:36:54.029,0,[],0
1586,2010-02-03 15:54:22.615,0,[],0
1587,2010-02-03 19:09:23.137,1,"[{'lat': -24.478, 'long': -116.154, 'Time': Timestamp('2010-02-03 20:27:25'), 'mag': 5.2}, {'lat': -24.478, 'long': -116.154, 'Time': Timestamp('2010-02-03 20:27:25'), 'mag': 5.2}, {'lat': -24.478, 'long': -116.154, 'Time': Timestamp('2010-02-03 20:27:25'), 'mag': 5.2}]",3
1588,2010-02-03 22:22:53.189,0,[],0
1589,2010-02-04 06:32:28.390,0,[],0
1590,2010-02-04 09:48:20.475,0,[],0
1591,2010-02-04 13:07:23.431,0,[],0
1592,2010-02-04 16:24:23.484,0,[],0
1593,2010-02-04 19:38:53.537,1,"[{'lat': -24.572, 'long': -116.142, 'Time': Timestamp('2010-02-05 00:33:42'), 'mag': 5.1}, {'lat': -24.671, 'long': -116.061, 'Time': Timestamp('2010-02-05 00:46:16'), 'mag': 5.1}, {'lat': -24.572, 'long': -116.142, 'Time': Timestamp('2010-02-05 00:33:42'), 'mag': 5.1}, {'lat': -24.671, 'long': -116.061, 'Time': Timestamp('2010-02-05 00:46:16'), 'mag': 5.1}, {'lat': 40.4123333, 'long': -124.9613333, 'Time': Timestamp('2010-02-04 20:20:21'), 'mag': 5.88}, {'lat': 40.4123333, 'long': -124.9613333, 'Time': Timestamp('2010-02-04 20:20:21'), 'mag': 5.88}]",6
1594,2010-02-04 22:52:53.591,0,[],0
1595,2010-02-05 07:02:57.017,0,[],0
1596,2010-02-05 10:18:50.876,0,[],0
1597,2010-02-05 15:16:20.288,0,[],0
1598,2010-02-05 18:31:49.794,0,[],0
1599,2010-02-05 21:45:22.157,1,"[{'lat': -21.722, 'long': -175.316, 'Time': Timestamp('2010-02-06 02:41:00'), 'mag': 5.1}]",1
1600,2010-02-06 00:59:15.346,1,"[{'lat': 46.836, 'long': 152.731, 'Time': Timestamp('2010-02-06 04:44:58'), 'mag': 6.0}, {'lat': 46.836, 'long': 152.731, 'Time': Timestamp('2010-02-06 04:44:58'), 'mag': 6.0}, {'lat': 46.836, 'long': 152.731, 'Time': Timestamp('2010-02-06 04:44:58'), 'mag': 6.0}]",3
1601,2010-02-06 07:32:50.548,0,[],0
1602,2010-02-06 10:49:20.277,0,[],0
1603,2010-02-06 15:46:50.693,0,[],0
1604,2010-02-06 19:01:20.746,0,[],0
1605,2010-02-06 22:15:23.367,0,[],0
1606,2010-02-07 08:03:23.829,0,[],0
1607,2010-02-07 11:20:23.580,0,[],0
1608,2010-02-07 14:38:51.280,1,"[{'lat': -23.225, 'long': -66.564, 'Time': Timestamp('2010-02-07 17:09:47'), 'mag': 5.6}, {'lat': -23.225, 'long': -66.564, 'Time': Timestamp('2010-02-07 17:09:47'), 'mag': 5.6}, {'lat': -23.225, 'long': -66.564, 'Time': Timestamp('2010-02-07 17:09:47'), 'mag': 5.6}]",3
1609,2010-02-07 17:54:23.688,0,[],0
1610,2010-02-07 21:08:23.741,1,"[{'lat': -23.319, 'long': -179.877, 'Time': Timestamp('2010-02-07 22:28:20'), 'mag': 5.9}, {'lat': -23.335, 'long': -179.877, 'Time': Timestamp('2010-02-07 23:22:55'), 'mag': 5.6}, {'lat': -23.319, 'long': -179.877, 'Time': Timestamp('2010-02-07 22:28:20'), 'mag': 5.9}, {'lat': -23.335, 'long': -179.877, 'Time': Timestamp('2010-02-07 23:22:55'), 'mag': 5.6}, {'lat': -23.319, 'long': -179.877, 'Time': Timestamp('2010-02-07 22:28:20'), 'mag': 5.9}, {'lat': -23.335, 'long': -179.877, 'Time': Timestamp('2010-02-07 23:22:55'), 'mag': 5.6}]",6
1611,2010-02-08 00:22:18.560,0,[],0
1612,2010-02-08 06:54:57.193,1,"[{'lat': 43.851, 'long': 86.25, 'Time': Timestamp('2010-02-08 07:57:22'), 'mag': 5.0}, {'lat': 43.851, 'long': 86.25, 'Time': Timestamp('2010-02-08 07:57:22'), 'mag': 5.0}, {'lat': 43.851, 'long': 86.25, 'Time': Timestamp('2010-02-08 07:57:22'), 'mag': 5.0}]",3
1613,2010-02-08 10:11:19.724,1,"[{'lat': -56.193, 'long': -24.57, 'Time': Timestamp('2010-02-08 12:08:31'), 'mag': 5.2}, {'lat': -56.193, 'long': -24.57, 'Time': Timestamp('2010-02-08 12:08:31'), 'mag': 5.2}]",2
1614,2010-02-08 13:30:24.009,0,[],0
1615,2010-02-08 16:46:53.277,0,[],0
1616,2010-02-08 20:01:23.330,0,[],0
1617,2010-02-08 23:14:53.382,1,"[{'lat': -15.053, 'long': -173.492, 'Time': Timestamp('2010-02-09 01:03:44'), 'mag': 6.1}, {'lat': -15.053, 'long': -173.492, 'Time': Timestamp('2010-02-09 01:03:44'), 'mag': 6.1}, {'lat': -15.053, 'long': -173.492, 'Time': Timestamp('2010-02-09 01:03:44'), 'mag': 6.1}]",3
1618,2010-02-09 07:25:25.035,0,[],0
1619,2010-02-09 10:41:50.668,0,[],0
1620,2010-02-09 14:00:45.065,0,[],0
1621,2010-02-09 17:16:53.678,0,[],0
1622,2010-02-09 20:30:53.731,0,[],0
1623,2010-02-09 23:44:53.784,1,"[{'lat': -23.058, 'long': 170.349, 'Time': Timestamp('2010-02-10 04:51:11'), 'mag': 5.0}, {'lat': -23.058, 'long': 170.349, 'Time': Timestamp('2010-02-10 04:51:11'), 'mag': 5.0}, {'lat': -23.058, 'long': 170.349, 'Time': Timestamp('2010-02-10 04:51:11'), 'mag': 5.0}]",3
1624,2010-02-10 07:53:47.243,0,[],0
1625,2010-02-10 11:12:23.971,0,[],0
1626,2010-02-10 14:30:50.008,0,[],0
1627,2010-02-10 20:59:53.444,0,[],0
1628,2010-02-11 00:14:15.182,0,[],0
1629,2010-02-11 06:47:22.489,0,[],0
1630,2010-02-11 10:03:24.540,1,"[{'lat': -40.593, 'long': -16.769, 'Time': Timestamp('2010-02-11 11:51:53'), 'mag': 5.5}, {'lat': -40.593, 'long': -16.769, 'Time': Timestamp('2010-02-11 11:51:53'), 'mag': 5.5}, {'lat': -40.593, 'long': -16.769, 'Time': Timestamp('2010-02-11 11:51:53'), 'mag': 5.5}]",3
1631,2010-02-11 13:22:23.399,0,[],0
1632,2010-02-11 16:39:23.453,0,[],0
1633,2010-02-11 19:53:53.507,0,[],0
1634,2010-02-11 23:07:23.560,0,[],0
1635,2010-02-12 07:17:55.657,0,[],0
1636,2010-02-12 10:33:50.845,0,[],0
1637,2010-02-12 13:52:52.552,0,[],0
1638,2010-02-12 17:09:23.855,0,[],0
1639,2010-02-12 20:23:23.907,0,[],0
1640,2010-02-12 23:37:23.960,0,[],0
1641,2010-02-13 07:47:54.724,0,[],0
1642,2010-02-13 11:04:53.148,0,[],0
1643,2010-02-13 14:23:20.401,0,[],0
1644,2010-02-13 17:39:23.256,1,"[{'lat': -36.779, 'long': -110.63, 'Time': Timestamp('2010-02-13 23:14:34'), 'mag': 5.4}, {'lat': -36.779, 'long': -110.63, 'Time': Timestamp('2010-02-13 23:14:34'), 'mag': 5.4}]",2
1645,2010-02-13 20:50:24.837,0,[],0
1646,2010-02-14 00:06:53.451,0,[],0
1647,2010-02-14 03:23:53.829,0,[],0
1648,2010-02-14 06:39:53.111,0,[],0
1649,2010-02-14 09:55:53.523,0,[],0
1650,2010-02-14 13:14:53.577,0,[],0
1651,2010-02-14 22:59:53.736,0,[],0
1652,2010-02-15 08:46:53.897,0,[],0
1653,2010-02-15 12:05:53.951,0,[],0
1654,2010-02-15 15:23:53.292,0,[],0
1655,2010-02-15 18:38:53.346,0,[],0
1656,2010-02-15 21:52:53.399,0,[],0
1657,2010-02-16 01:06:53.452,1,"[{'lat': 40.332, 'long': 143.651, 'Time': Timestamp('2010-02-16 01:57:16'), 'mag': 5.3}, {'lat': 40.332, 'long': 143.651, 'Time': Timestamp('2010-02-16 01:57:16'), 'mag': 5.3}, {'lat': 40.332, 'long': 143.651, 'Time': Timestamp('2010-02-16 01:57:16'), 'mag': 5.3}]",3
1658,2010-02-16 06:01:56.267,0,[],0
1659,2010-02-16 09:17:23.586,0,[],0
1660,2010-02-16 12:36:23.640,0,[],0
1661,2010-02-16 15:53:49.464,0,[],0
1662,2010-02-16 19:08:53.747,0,[],0
1663,2010-02-16 23:59:23.826,0,[],0
1664,2010-02-17 08:08:53.960,0,[],0
1665,2010-02-17 11:27:54.014,0,[],0
1666,2010-02-17 14:45:53.042,0,[],0
1667,2010-02-17 21:15:23.175,0,[],0
1668,2010-02-18 00:29:22.089,1,"[{'lat': -8.8, 'long': 157.655, 'Time': Timestamp('2010-02-18 03:46:16'), 'mag': 5.0}, {'lat': -8.8, 'long': 157.655, 'Time': Timestamp('2010-02-18 03:46:16'), 'mag': 5.0}, {'lat': -8.8, 'long': 157.655, 'Time': Timestamp('2010-02-18 03:46:16'), 'mag': 5.0}]",3
1669,2010-02-18 07:02:26.628,0,[],0
1670,2010-02-18 15:16:22.666,1,"[{'lat': -23.067, 'long': -68.514, 'Time': Timestamp('2010-02-18 20:56:33'), 'mag': 5.2}, {'lat': -23.067, 'long': -68.514, 'Time': Timestamp('2010-02-18 20:56:33'), 'mag': 5.2}]",2
1671,2010-02-18 18:31:19.405,1,"[{'lat': -35.029, 'long': -108.397, 'Time': Timestamp('2010-02-18 19:47:39'), 'mag': 5.4}, {'lat': -35.029, 'long': -108.397, 'Time': Timestamp('2010-02-18 19:47:39'), 'mag': 5.4}, {'lat': -35.029, 'long': -108.397, 'Time': Timestamp('2010-02-18 19:47:39'), 'mag': 5.4}]",3
1672,2010-02-18 21:45:21.768,0,[],0
1673,2010-02-19 00:59:17.959,0,[],0
1674,2010-02-19 05:54:26.443,0,[],0
1675,2010-02-19 09:09:52.189,0,[],0
1676,2010-02-19 12:28:53.817,0,[],0
1677,2010-02-19 20:38:23.950,0,[],0
1678,2010-02-19 23:51:54.003,0,[],0
1679,2010-02-20 08:02:49.343,0,[],0
1680,2010-02-20 11:19:53.191,0,[],0
1681,2010-02-20 14:38:18.122,0,[],0
1682,2010-02-20 17:53:53.298,0,[],0
1683,2010-02-20 21:07:53.351,0,[],0
1684,2010-02-21 00:21:50.726,0,[],0
1685,2010-02-21 08:31:20.525,0,[],0
1686,2010-02-21 11:50:23.592,0,[],0
1687,2010-02-21 15:08:51.403,0,[],0
1688,2010-02-21 21:37:50.617,0,[],0
1689,2010-02-22 00:51:51.339,0,[],0
1690,2010-02-22 05:46:56.185,0,[],0
1691,2010-02-22 09:01:50.926,0,[],0
1692,2010-02-22 12:21:23.994,0,[],0
1693,2010-02-22 15:39:43.288,0,[],0
1694,2010-02-22 18:53:49.094,0,[],0
1695,2010-02-22 22:07:23.154,0,[],0
1696,2010-02-23 01:21:50.193,0,[],0
1697,2010-02-23 06:16:55.586,0,[],0
1698,2010-02-23 09:32:21.766,1,"[{'lat': 32.508, 'long': 48.29, 'Time': Timestamp('2010-02-23 10:25:56'), 'mag': 5.2}, {'lat': 32.508, 'long': 48.29, 'Time': Timestamp('2010-02-23 10:25:56'), 'mag': 5.2}]",2
1699,2010-02-23 17:46:23.475,0,[],0
1700,2010-02-23 21:00:23.528,1,"[{'lat': -23.828, 'long': -175.998, 'Time': Timestamp('2010-02-23 22:38:37'), 'mag': 5.3}, {'lat': -23.828, 'long': -175.998, 'Time': Timestamp('2010-02-23 22:38:37'), 'mag': 5.3}, {'lat': -23.828, 'long': -175.998, 'Time': Timestamp('2010-02-23 22:38:37'), 'mag': 5.3}]",3
1701,2010-02-24 00:14:18.347,0,[],0
1702,2010-02-24 06:47:26.981,0,[],0
1703,2010-02-24 10:03:20.840,0,[],0
1704,2010-02-24 13:22:23.163,0,[],0
1705,2010-02-24 23:07:23.323,1,"[{'lat': -46.072, 'long': 166.184, 'Time': Timestamp('2010-02-25 04:38:37'), 'mag': 5.1}]",1
1706,2010-02-25 07:17:22.653,0,[],0
1707,2010-02-25 10:33:26.033,0,[],0
1708,2010-02-25 13:52:52.314,0,[],0
1709,2010-02-25 17:08:53.618,0,[],0
1710,2010-02-25 20:23:23.671,0,[],0
1711,2010-02-25 23:36:53.724,0,[],0
1712,2010-02-26 02:53:26.300,1,"[{'lat': 6.484, 'long': 126.802, 'Time': Timestamp('2010-02-26 08:37:00'), 'mag': 5.7}, {'lat': 0.893, 'long': 123.181, 'Time': Timestamp('2010-02-26 04:41:28'), 'mag': 5.0}, {'lat': 6.484, 'long': 126.802, 'Time': Timestamp('2010-02-26 08:37:00'), 'mag': 5.7}, {'lat': 0.893, 'long': 123.181, 'Time': Timestamp('2010-02-26 04:41:28'), 'mag': 5.0}, {'lat': 6.484, 'long': 126.802, 'Time': Timestamp('2010-02-26 08:37:00'), 'mag': 5.7}, {'lat': 0.893, 'long': 123.181, 'Time': Timestamp('2010-02-26 04:41:28'), 'mag': 5.0}]",6
1713,2010-02-26 06:09:26.130,0,[],0
1714,2010-02-26 09:24:46.886,0,[],0
1715,2010-02-26 12:43:53.938,0,[],0
1716,2010-02-26 16:01:23.992,0,[],0
1717,2010-02-26 19:16:24.045,0,[],0
1718,2010-02-26 22:29:53.098,1,"[{'lat': -11.443, 'long': 166.288, 'Time': Timestamp('2010-02-26 23:30:57'), 'mag': 5.1}, {'lat': -11.443, 'long': 166.288, 'Time': Timestamp('2010-02-26 23:30:57'), 'mag': 5.1}, {'lat': -11.443, 'long': 166.288, 'Time': Timestamp('2010-02-26 23:30:57'), 'mag': 5.1}]",3
1719,2010-02-27 06:39:24.203,0,[],0
1720,2010-02-27 09:55:21.712,0,[],0
1721,2010-02-27 13:14:53.340,1,"[{'lat': -24.872, 'long': -65.602, 'Time': Timestamp('2010-02-27 15:45:37'), 'mag': 6.3}]",1
1722,2010-02-27 16:31:23.393,1,"[{'lat': -33.381, 'long': -71.96, 'Time': Timestamp('2010-02-27 17:40:10'), 'mag': 5.0}, {'lat': -33.422, 'long': -71.828, 'Time': Timestamp('2010-02-27 19:00:06'), 'mag': 6.2}, {'lat': -34.917, 'long': -72.328, 'Time': Timestamp('2010-02-27 16:32:20'), 'mag': 5.1}, {'lat': -37.511, 'long': -73.453, 'Time': Timestamp('2010-02-27 16:37:33'), 'mag': 5.4}, {'lat': -34.22, 'long': -72.166, 'Time': Timestamp('2010-02-27 16:50:19'), 'mag': 5.1}, {'lat': -33.99, 'long': -71.805, 'Time': Timestamp('2010-02-27 17:11:49'), 'mag': 5.5}, {'lat': -36.354, 'long': -73.208, 'Time': Timestamp('2010-02-27 17:24:30'), 'mag': 6.1}, {'lat': -33.381, 'long': -71.96, 'Time': Timestamp('2010-02-27 17:40:10'), 'mag': 5.0}, {'lat': -36.521, 'long': -73.051, 'Time': Timestamp('2010-02-27 17:43:37'), 'mag': 5.5}, {'lat': -34.793, 'long': -71.541, 'Time': Timestamp('2010-02-27 17:56:52'), 'mag': 5.3}, {'lat': -34.81, 'long': -71.701, 'Time': Timestamp('2010-02-27 17:57:05'), 'mag': 5.3}, {'lat': -33.859, 'long': -71.695, 'Time': Timestamp('2010-02-27 18:12:50'), 'mag': 5.0}, {'lat': -36.644, 'long': -73.093, 'Time': Timestamp('2010-02-27 18:13:03'), 'mag': 5.0}, {'lat': -37.516, 'long': -73.55, 'Time': Timestamp('2010-02-27 18:15:22'), 'mag': 5.6}, {'lat': -37.581, 'long': -73.699, 'Time': Timestamp('2010-02-27 18:23:11'), 'mag': 5.7}, {'lat': -37.632, 'long': -73.595, 'Time': Timestamp('2010-02-27 18:41:50'), 'mag': 5.0}, {'lat': -33.422, 'long': -71.828, 'Time': Timestamp('2010-02-27 19:00:06'), 'mag': 6.2}, {'lat': -37.548, 'long': -73.345, 'Time': Timestamp('2010-02-27 19:06:17'), 'mag': 5.2}, {'lat': -35.047, 'long': -72.376, 'Time': Timestamp('2010-02-27 19:10:13'), 'mag': 5.2}, {'lat': -36.481, 'long': -73.197, 'Time': Timestamp('2010-02-27 19:46:07'), 'mag': 5.0}, {'lat': -34.914, 'long': -73.708, 'Time': Timestamp('2010-02-27 20:29:21'), 'mag': 5.0}, {'lat': -33.916, 'long': -73.154, 'Time': Timestamp('2010-02-27 21:00:35'), 'mag': 5.2}, {'lat': -37.332, 'long': -73.836, 'Time': Timestamp('2010-02-27 21:41:26'), 'mag': 5.0}, {'lat': -35.156, 'long': -72.522, 'Time': Timestamp('2010-02-27 21:43:10'), 'mag': 5.2}, {'lat': -34.031, 'long': -72.292, 'Time': Timestamp('2010-02-27 21:48:25'), 'mag': 5.1}, {'lat': -33.903, 'long': -72.344, 'Time': Timestamp('2010-02-27 21:55:01'), 'mag': 5.0}, {'lat': -36.8, 'long': -73.315, 'Time': Timestamp('2010-02-27 21:59:06'), 'mag': 5.2}, {'lat': -35.779, 'long': -73.36, 'Time': Timestamp('2010-02-27 22:13:44'), 'mag': 5.1}, {'lat': -36.492, 'long': -73.304, 'Time': Timestamp('2010-02-27 22:16:13'), 'mag': 5.3}, {'lat': -34.932, 'long': -72.71, 'Time': Timestamp('2010-02-27 22:20:01'), 'mag': 5.2}, {'lat': -33.99, 'long': -71.382, 'Time': Timestamp('2010-02-27 22:22:31'), 'mag': 5.3}, {'lat': -34.917, 'long': -72.328, 'Time': Timestamp('2010-02-27 16:32:20'), 'mag': 5.1}, {'lat': -37.511, 'long': -73.453, 'Time': Timestamp('2010-02-27 16:37:33'), 'mag': 5.4}, {'lat': -34.22, 'long': -72.166, 'Time': Timestamp('2010-02-27 16:50:19'), 'mag': 5.1}, {'lat': -33.99, 'long': -71.805, 'Time': Timestamp('2010-02-27 17:11:49'), 'mag': 5.5}, {'lat': -36.354, 'long': -73.208, 'Time': Timestamp('2010-02-27 17:24:30'), 'mag': 6.1}, {'lat': -33.381, 'long': -71.96, 'Time': Timestamp('2010-02-27 17:40:10'), 'mag': 5.0}, {'lat': -36.521, 'long': -73.051, 'Time': Timestamp('2010-02-27 17:43:37'), 'mag': 5.5}, {'lat': -34.793, 'long': -71.541, 'Time': Timestamp('2010-02-27 17:56:52'), 'mag': 5.3}, {'lat': -34.81, 'long': -71.701, 'Time': Timestamp('2010-02-27 17:57:05'), 'mag': 5.3}, {'lat': -33.859, 'long': -71.695, 'Time': Timestamp('2010-02-27 18:12:50'), 'mag': 5.0}, {'lat': -36.644, 'long': -73.093, 'Time': Timestamp('2010-02-27 18:13:03'), 'mag': 5.0}, {'lat': -37.516, 'long': -73.55, 'Time': Timestamp('2010-02-27 18:15:22'), 'mag': 5.6}, {'lat': -37.581, 'long': -73.699, 'Time': Timestamp('2010-02-27 18:23:11'), 'mag': 5.7}, {'lat': -37.632, 'long': -73.595, 'Time': Timestamp('2010-02-27 18:41:50'), 'mag': 5.0}, {'lat': -33.422, 'long': -71.828, 'Time': Timestamp('2010-02-27 19:00:06'), 'mag': 6.2}, {'lat': -37.548, 'long': -73.345, 'Time': Timestamp('2010-02-27 19:06:17'), 'mag': 5.2}, {'lat': -35.047, 'long': -72.376, 'Time': Timestamp('2010-02-27 19:10:13'), 'mag': 5.2}, {'lat': -36.481, 'long': -73.197, 'Time': Timestamp('2010-02-27 19:46:07'), 'mag': 5.0}, {'lat': -34.914, 'long': -73.708, 'Time': Timestamp('2010-02-27 20:29:21'), 'mag': 5.0}, {'lat': -33.916, 'long': -73.154, 'Time': Timestamp('2010-02-27 21:00:35'), 'mag': 5.2}, {'lat': -37.332, 'long': -73.836, 'Time': Timestamp('2010-02-27 21:41:26'), 'mag': 5.0}, {'lat': -35.156, 'long': -72.522, 'Time': Timestamp('2010-02-27 21:43:10'), 'mag': 5.2}, {'lat': -34.031, 'long': -72.292, 'Time': Timestamp('2010-02-27 21:48:25'), 'mag': 5.1}, {'lat': -33.903, 'long': -72.344, 'Time': Timestamp('2010-02-27 21:55:01'), 'mag': 5.0}, {'lat': -36.8, 'long': -73.315, 'Time': Timestamp('2010-02-27 21:59:06'), 'mag': 5.2}, {'lat': -35.779, 'long': -73.36, 'Time': Timestamp('2010-02-27 22:13:44'), 'mag': 5.1}, {'lat': -36.492, 'long': -73.304, 'Time': Timestamp('2010-02-27 22:16:13'), 'mag': 5.3}, {'lat': -34.932, 'long': -72.71, 'Time': Timestamp('2010-02-27 22:20:01'), 'mag': 5.2}, {'lat': -33.99, 'long': -71.382, 'Time': Timestamp('2010-02-27 22:22:31'), 'mag': 5.3}, {'lat': -37.511, 'long': -73.453, 'Time': Timestamp('2010-02-27 16:37:33'), 'mag': 5.4}, {'lat': -36.354, 'long': -73.208, 'Time': Timestamp('2010-02-27 17:24:30'), 'mag': 6.1}, {'lat': -36.521, 'long': -73.051, 'Time': Timestamp('2010-02-27 17:43:37'), 'mag': 5.5}, {'lat': -36.644, 'long': -73.093, 'Time': Timestamp('2010-02-27 18:13:03'), 'mag': 5.0}, {'lat': -37.516, 'long': -73.55, 'Time': Timestamp('2010-02-27 18:15:22'), 'mag': 5.6}, {'lat': -37.581, 'long': -73.699, 'Time': Timestamp('2010-02-27 18:23:11'), 'mag': 5.7}, {'lat': -37.632, 'long': -73.595, 'Time': Timestamp('2010-02-27 18:41:50'), 'mag': 5.0}, {'lat': -37.548, 'long': -73.345, 'Time': Timestamp('2010-02-27 19:06:17'), 'mag': 5.2}, {'lat': -36.481, 'long': -73.197, 'Time': Timestamp('2010-02-27 19:46:07'), 'mag': 5.0}, {'lat': -34.914, 'long': -73.708, 'Time': Timestamp('2010-02-27 20:29:21'), 'mag': 5.0}, {'lat': -33.916, 'long': -73.154, 'Time': Timestamp('2010-02-27 21:00:35'), 'mag': 5.2}, {'lat': -37.332, 'long': -73.836, 'Time': Timestamp('2010-02-27 21:41:26'), 'mag': 5.0}, {'lat': -36.8, 'long': -73.315, 'Time': Timestamp('2010-02-27 21:59:06'), 'mag': 5.2}, {'lat': -35.779, 'long': -73.36, 'Time': Timestamp('2010-02-27 22:13:44'), 'mag': 5.1}, {'lat': -36.492, 'long': -73.304, 'Time': Timestamp('2010-02-27 22:16:13'), 'mag': 5.3}, {'lat': -34.932, 'long': -72.71, 'Time': Timestamp('2010-02-27 22:20:01'), 'mag': 5.2}]",76
1723,2010-02-27 19:45:53.446,0,[],0
1724,2010-02-27 22:59:23.500,0,[],0
1725,2010-02-28 08:46:50.647,0,[],0
1726,2010-02-28 13:45:23.742,1,"[{'lat': -35.317, 'long': -72.883, 'Time': Timestamp('2010-02-28 13:47:05'), 'mag': 5.0}, {'lat': -35.221, 'long': -72.443, 'Time': Timestamp('2010-02-28 15:26:54'), 'mag': 5.0}, {'lat': -34.796, 'long': -72.215, 'Time': Timestamp('2010-02-28 15:46:21'), 'mag': 5.2}, {'lat': -34.907, 'long': -71.877, 'Time': Timestamp('2010-02-28 18:19:51'), 'mag': 5.0}, {'lat': -36.793, 'long': -72.729, 'Time': Timestamp('2010-02-28 18:44:30'), 'mag': 5.1}, {'lat': -35.317, 'long': -72.883, 'Time': Timestamp('2010-02-28 13:47:05'), 'mag': 5.0}, {'lat': -33.894, 'long': -73.287, 'Time': Timestamp('2010-02-28 14:50:32'), 'mag': 5.2}, {'lat': -33.87, 'long': -73.297, 'Time': Timestamp('2010-02-28 14:55:24'), 'mag': 5.1}, {'lat': -35.221, 'long': -72.443, 'Time': Timestamp('2010-02-28 15:26:54'), 'mag': 5.0}, {'lat': -34.796, 'long': -72.215, 'Time': Timestamp('2010-02-28 15:46:21'), 'mag': 5.2}, {'lat': -34.907, 'long': -71.877, 'Time': Timestamp('2010-02-28 18:19:51'), 'mag': 5.0}, {'lat': -36.793, 'long': -72.729, 'Time': Timestamp('2010-02-28 18:44:30'), 'mag': 5.1}, {'lat': -35.317, 'long': -72.883, 'Time': Timestamp('2010-02-28 13:47:05'), 'mag': 5.0}, {'lat': -33.894, 'long': -73.287, 'Time': Timestamp('2010-02-28 14:50:32'), 'mag': 5.2}, {'lat': -33.87, 'long': -73.297, 'Time': Timestamp('2010-02-28 14:55:24'), 'mag': 5.1}, {'lat': -35.221, 'long': -72.443, 'Time': Timestamp('2010-02-28 15:26:54'), 'mag': 5.0}, {'lat': -34.796, 'long': -72.215, 'Time': Timestamp('2010-02-28 15:46:21'), 'mag': 5.2}, {'lat': -34.907, 'long': -71.877, 'Time': Timestamp('2010-02-28 18:19:51'), 'mag': 5.0}, {'lat': -36.793, 'long': -72.729, 'Time': Timestamp('2010-02-28 18:44:30'), 'mag': 5.1}]",19
1727,2010-02-28 23:29:23.900,0,[],0
1728,2010-03-01 07:40:24.224,0,[],0
1729,2010-03-01 10:56:53.088,0,[],0
1730,2010-03-01 14:15:24.326,1,"[{'lat': -34.39, 'long': -73.504, 'Time': Timestamp('2010-03-01 14:36:30'), 'mag': 5.2}, {'lat': -36.759, 'long': -73.551, 'Time': Timestamp('2010-03-01 15:52:38'), 'mag': 5.1}, {'lat': -36.297, 'long': -72.473, 'Time': Timestamp('2010-03-01 16:56:49'), 'mag': 5.0}, {'lat': -34.39, 'long': -73.504, 'Time': Timestamp('2010-03-01 14:36:30'), 'mag': 5.2}, {'lat': -36.759, 'long': -73.551, 'Time': Timestamp('2010-03-01 15:52:38'), 'mag': 5.1}, {'lat': -36.297, 'long': -72.473, 'Time': Timestamp('2010-03-01 16:56:49'), 'mag': 5.0}, {'lat': -34.39, 'long': -73.504, 'Time': Timestamp('2010-03-01 14:36:30'), 'mag': 5.2}, {'lat': -36.759, 'long': -73.551, 'Time': Timestamp('2010-03-01 15:52:38'), 'mag': 5.1}, {'lat': -36.297, 'long': -72.473, 'Time': Timestamp('2010-03-01 16:56:49'), 'mag': 5.0}]",9
1731,2010-03-01 17:31:23.196,0,[],0
1732,2010-03-01 20:45:23.249,0,[],0
1733,2010-03-01 23:59:23.491,0,[],0
1734,2010-03-02 04:53:52.903,0,[],0
1735,2010-03-02 08:10:22.409,0,[],0
1736,2010-03-02 11:27:23.490,0,[],0
1737,2010-03-02 14:45:52.517,1,"[{'lat': -33.819, 'long': -72.055, 'Time': Timestamp('2010-03-02 17:57:02'), 'mag': 5.0}, {'lat': -36.537, 'long': -72.562, 'Time': Timestamp('2010-03-02 18:30:21'), 'mag': 5.1}, {'lat': -34.267, 'long': -72.171, 'Time': Timestamp('2010-03-02 19:12:56'), 'mag': 5.6}, {'lat': -33.819, 'long': -72.055, 'Time': Timestamp('2010-03-02 17:57:02'), 'mag': 5.0}, {'lat': -36.537, 'long': -72.562, 'Time': Timestamp('2010-03-02 18:30:21'), 'mag': 5.1}, {'lat': -34.267, 'long': -72.171, 'Time': Timestamp('2010-03-02 19:12:56'), 'mag': 5.6}, {'lat': -33.819, 'long': -72.055, 'Time': Timestamp('2010-03-02 17:57:02'), 'mag': 5.0}, {'lat': -36.537, 'long': -72.562, 'Time': Timestamp('2010-03-02 18:30:21'), 'mag': 5.1}, {'lat': -34.267, 'long': -72.171, 'Time': Timestamp('2010-03-02 19:12:56'), 'mag': 5.6}]",9
1738,2010-03-02 22:52:23.676,0,[],0
1739,2010-03-03 07:02:27.102,0,[],0
1740,2010-03-03 10:18:24.348,0,[],0
1741,2010-03-03 13:37:23.208,1,"[{'lat': -36.61, 'long': -73.36, 'Time': Timestamp('2010-03-03 17:44:25'), 'mag': 6.1}]",1
1742,2010-03-03 16:53:53.262,0,[],0
1743,2010-03-03 20:08:23.315,0,[],0
1744,2010-03-03 23:21:53.368,0,[],0
1745,2010-03-04 07:32:20.924,0,[],0
1746,2010-03-04 10:49:23.422,0,[],0
1747,2010-03-04 14:07:49.369,1,"[{'lat': -34.18, 'long': -72.074, 'Time': Timestamp('2010-03-04 17:37:48'), 'mag': 5.4}, {'lat': -34.541, 'long': -72.708, 'Time': Timestamp('2010-03-04 19:28:37'), 'mag': 5.1}, {'lat': -34.18, 'long': -72.074, 'Time': Timestamp('2010-03-04 17:37:48'), 'mag': 5.4}, {'lat': -34.541, 'long': -72.708, 'Time': Timestamp('2010-03-04 19:28:37'), 'mag': 5.1}, {'lat': -34.18, 'long': -72.074, 'Time': Timestamp('2010-03-04 17:37:48'), 'mag': 5.4}, {'lat': -34.541, 'long': -72.708, 'Time': Timestamp('2010-03-04 19:28:37'), 'mag': 5.1}]",6
1748,2010-03-04 17:23:53.663,0,[],0
1749,2010-03-04 20:37:53.716,0,[],0
1750,2010-03-04 23:51:53.769,1,"[{'lat': -16.708, 'long': 176.417, 'Time': Timestamp('2010-03-05 02:44:05'), 'mag': 5.3}, {'lat': -16.708, 'long': 176.417, 'Time': Timestamp('2010-03-05 02:44:05'), 'mag': 5.3}, {'lat': -16.708, 'long': 176.417, 'Time': Timestamp('2010-03-05 02:44:05'), 'mag': 5.3}]",3
1751,2010-03-05 04:46:32.778,0,[],0
1752,2010-03-05 08:02:54.204,0,[],0
1753,2010-03-05 11:19:53.957,0,[],0
1754,2010-03-05 14:38:18.889,0,[],0
1755,2010-03-05 17:53:54.064,1,"[{'lat': 13.59, 'long': -90.921, 'Time': Timestamp('2010-03-05 21:34:36'), 'mag': 5.0}, {'lat': 13.59, 'long': -90.921, 'Time': Timestamp('2010-03-05 21:34:36'), 'mag': 5.0}, {'lat': 13.59, 'long': -90.921, 'Time': Timestamp('2010-03-05 21:34:36'), 'mag': 5.0}]",3
1756,2010-03-05 21:07:53.117,0,[],0
1757,2010-03-06 00:21:47.936,0,[],0
1758,2010-03-06 05:16:25.427,0,[],0
1759,2010-03-06 08:31:20.291,0,[],0
1760,2010-03-06 11:50:23.358,0,[],0
1761,2010-03-06 15:08:22.497,1,"[{'lat': -36.174, 'long': -72.972, 'Time': Timestamp('2010-03-06 18:03:22'), 'mag': 5.0}, {'lat': -37.434, 'long': -73.711, 'Time': Timestamp('2010-03-06 15:19:06'), 'mag': 5.2}, {'lat': -36.174, 'long': -72.972, 'Time': Timestamp('2010-03-06 18:03:22'), 'mag': 5.0}]",3
1762,2010-03-06 18:23:49.347,0,[],0
1763,2010-03-06 21:37:19.054,0,[],0
1764,2010-03-07 00:51:53.571,0,[],0
1765,2010-03-07 05:46:25.951,0,[],0
1766,2010-03-07 09:01:50.691,0,[],0
1767,2010-03-07 12:21:23.759,0,[],0
1768,2010-03-07 15:38:52.574,1,"[{'lat': -37.99, 'long': -73.3, 'Time': Timestamp('2010-03-07 15:59:44'), 'mag': 5.9}, {'lat': -38.046, 'long': -73.5, 'Time': Timestamp('2010-03-07 16:18:28'), 'mag': 5.0}, {'lat': -34.608, 'long': -71.906, 'Time': Timestamp('2010-03-07 18:36:00'), 'mag': 5.3}, {'lat': -37.99, 'long': -73.3, 'Time': Timestamp('2010-03-07 15:59:44'), 'mag': 5.9}, {'lat': -38.046, 'long': -73.5, 'Time': Timestamp('2010-03-07 16:18:28'), 'mag': 5.0}, {'lat': -34.608, 'long': -71.906, 'Time': Timestamp('2010-03-07 18:36:00'), 'mag': 5.3}, {'lat': -37.99, 'long': -73.3, 'Time': Timestamp('2010-03-07 15:59:44'), 'mag': 5.9}, {'lat': -38.046, 'long': -73.5, 'Time': Timestamp('2010-03-07 16:18:28'), 'mag': 5.0}, {'lat': -34.608, 'long': -71.906, 'Time': Timestamp('2010-03-07 18:36:00'), 'mag': 5.3}]",9
1769,2010-03-07 18:53:49.859,0,[],0
1770,2010-03-07 22:07:23.919,0,[],0
1771,2010-03-08 06:16:56.352,0,[],0
1772,2010-03-08 09:32:21.533,1,"[{'lat': 38.828, 'long': 40.119, 'Time': Timestamp('2010-03-08 10:14:23'), 'mag': 5.2}, {'lat': 38.776, 'long': 40.143, 'Time': Timestamp('2010-03-08 11:12:10'), 'mag': 5.1}, {'lat': 38.828, 'long': 40.119, 'Time': Timestamp('2010-03-08 10:14:23'), 'mag': 5.2}, {'lat': 38.776, 'long': 40.143, 'Time': Timestamp('2010-03-08 11:12:10'), 'mag': 5.1}, {'lat': 38.828, 'long': 40.119, 'Time': Timestamp('2010-03-08 10:14:23'), 'mag': 5.2}, {'lat': 38.776, 'long': 40.143, 'Time': Timestamp('2010-03-08 11:12:10'), 'mag': 5.1}]",6
1773,2010-03-08 12:51:53.160,0,[],0
1774,2010-03-08 16:08:53.215,1,"[{'lat': -25.712, 'long': -66.617, 'Time': Timestamp('2010-03-08 17:03:16'), 'mag': 5.8}, {'lat': -32.66, 'long': -71.644, 'Time': Timestamp('2010-03-08 16:49:51'), 'mag': 5.0}, {'lat': -25.712, 'long': -66.617, 'Time': Timestamp('2010-03-08 17:03:16'), 'mag': 5.8}, {'lat': -32.595, 'long': -71.641, 'Time': Timestamp('2010-03-08 17:50:45'), 'mag': 5.3}, {'lat': -32.614, 'long': -71.613, 'Time': Timestamp('2010-03-08 18:08:01'), 'mag': 5.3}, {'lat': -32.634, 'long': -71.721, 'Time': Timestamp('2010-03-08 18:18:51'), 'mag': 5.0}, {'lat': -32.714, 'long': -71.827, 'Time': Timestamp('2010-03-08 18:43:24'), 'mag': 5.1}, {'lat': -32.66, 'long': -71.644, 'Time': Timestamp('2010-03-08 16:49:51'), 'mag': 5.0}, {'lat': -25.712, 'long': -66.617, 'Time': Timestamp('2010-03-08 17:03:16'), 'mag': 5.8}, {'lat': -32.595, 'long': -71.641, 'Time': Timestamp('2010-03-08 17:50:45'), 'mag': 5.3}, {'lat': -32.614, 'long': -71.613, 'Time': Timestamp('2010-03-08 18:08:01'), 'mag': 5.3}, {'lat': -32.634, 'long': -71.721, 'Time': Timestamp('2010-03-08 18:18:51'), 'mag': 5.0}, {'lat': -32.714, 'long': -71.827, 'Time': Timestamp('2010-03-08 18:43:24'), 'mag': 5.1}, {'lat': -32.66, 'long': -71.644, 'Time': Timestamp('2010-03-08 16:49:51'), 'mag': 5.0}, {'lat': -32.595, 'long': -71.641, 'Time': Timestamp('2010-03-08 17:50:45'), 'mag': 5.3}, {'lat': -32.614, 'long': -71.613, 'Time': Timestamp('2010-03-08 18:08:01'), 'mag': 5.3}, {'lat': -32.634, 'long': -71.721, 'Time': Timestamp('2010-03-08 18:18:51'), 'mag': 5.0}, {'lat': -32.714, 'long': -71.827, 'Time': Timestamp('2010-03-08 18:43:24'), 'mag': 5.1}]",18
1775,2010-03-08 19:23:20.812,0,[],0
1776,2010-03-08 22:37:23.321,0,[],0
1777,2010-03-09 06:46:56.746,0,[],0
1778,2010-03-09 10:03:23.374,0,[],0
1779,2010-03-09 13:22:23.562,0,[],0
1780,2010-03-09 16:38:53.615,1,"[{'lat': -34.765, 'long': -73.949, 'Time': Timestamp('2010-03-09 21:59:23'), 'mag': 5.0}, {'lat': -33.855, 'long': -72.324, 'Time': Timestamp('2010-03-09 22:10:50'), 'mag': 5.1}, {'lat': -34.765, 'long': -73.949, 'Time': Timestamp('2010-03-09 21:59:23'), 'mag': 5.0}, {'lat': -33.855, 'long': -72.324, 'Time': Timestamp('2010-03-09 22:10:50'), 'mag': 5.1}]",4
1781,2010-03-09 19:53:23.668,0,[],0
1782,2010-03-10 00:44:21.281,1,"[{'lat': -18.526, 'long': 168.951, 'Time': Timestamp('2010-03-10 05:19:07'), 'mag': 5.1}, {'lat': -18.526, 'long': 168.951, 'Time': Timestamp('2010-03-10 05:19:07'), 'mag': 5.1}, {'lat': -18.526, 'long': 168.951, 'Time': Timestamp('2010-03-10 05:19:07'), 'mag': 5.1}]",3
1783,2010-03-10 05:38:54.799,0,[],0
1784,2010-03-10 08:54:20.868,0,[],0
1785,2010-03-10 12:13:23.229,0,[],0
1786,2010-03-10 15:31:19.935,1,"[{'lat': -38.093, 'long': -74.906, 'Time': Timestamp('2010-03-10 16:00:51'), 'mag': 5.1}, {'lat': -38.093, 'long': -74.906, 'Time': Timestamp('2010-03-10 16:00:51'), 'mag': 5.1}, {'lat': -38.093, 'long': -74.906, 'Time': Timestamp('2010-03-10 16:00:51'), 'mag': 5.1}]",3
1787,2010-03-10 21:59:53.388,0,[],0
1788,2010-03-11 07:47:51.083,0,[],0
1789,2010-03-11 11:04:23.603,0,[],0
1790,2010-03-11 14:22:50.855,1,"[{'lat': -34.29, 'long': -71.891, 'Time': Timestamp('2010-03-11 14:39:43'), 'mag': 6.9}, {'lat': -34.255, 'long': -71.674, 'Time': Timestamp('2010-03-11 14:48:31'), 'mag': 5.2}, {'lat': -34.326, 'long': -71.799, 'Time': Timestamp('2010-03-11 14:55:27'), 'mag': 7.0}, {'lat': -34.614, 'long': -71.99, 'Time': Timestamp('2010-03-11 14:58:15'), 'mag': 5.6}, {'lat': -34.47, 'long': -72.004, 'Time': Timestamp('2010-03-11 15:06:02'), 'mag': 6.0}, {'lat': -34.245, 'long': -71.866, 'Time': Timestamp('2010-03-11 15:26:15'), 'mag': 5.3}, {'lat': -34.344, 'long': -71.728, 'Time': Timestamp('2010-03-11 15:34:50'), 'mag': 5.0}, {'lat': -34.507, 'long': -72.124, 'Time': Timestamp('2010-03-11 15:54:35'), 'mag': 5.0}, {'lat': -34.393, 'long': -71.802, 'Time': Timestamp('2010-03-11 16:56:33'), 'mag': 5.3}, {'lat': -34.293, 'long': -71.906, 'Time': Timestamp('2010-03-11 17:18:49'), 'mag': 5.2}, {'lat': -34.469, 'long': -71.978, 'Time': Timestamp('2010-03-11 18:20:23'), 'mag': 5.0}, {'lat': -34.346, 'long': -71.976, 'Time': Timestamp('2010-03-11 19:28:06'), 'mag': 5.4}, {'lat': -34.381, 'long': -71.979, 'Time': Timestamp('2010-03-11 20:11:20'), 'mag': 5.6}, {'lat': -34.29, 'long': -71.891, 'Time': Timestamp('2010-03-11 14:39:43'), 'mag': 6.9}, {'lat': -34.255, 'long': -71.674, 'Time': Timestamp('2010-03-11 14:48:31'), 'mag': 5.2}, {'lat': -34.326, 'long': -71.799, 'Time': Timestamp('2010-03-11 14:55:27'), 'mag': 7.0}, {'lat': -34.614, 'long': -71.99, 'Time': Timestamp('2010-03-11 14:58:15'), 'mag': 5.6}, {'lat': -34.47, 'long': -72.004, 'Time': Timestamp('2010-03-11 15:06:02'), 'mag': 6.0}, {'lat': -34.245, 'long': -71.866, 'Time': Timestamp('2010-03-11 15:26:15'), 'mag': 5.3}, {'lat': -34.344, 'long': -71.728, 'Time': Timestamp('2010-03-11 15:34:50'), 'mag': 5.0}, {'lat': -34.507, 'long': -72.124, 'Time': Timestamp('2010-03-11 15:54:35'), 'mag': 5.0}, {'lat': -34.393, 'long': -71.802, 'Time': Timestamp('2010-03-11 16:56:33'), 'mag': 5.3}, {'lat': -34.293, 'long': -71.906, 'Time': Timestamp('2010-03-11 17:18:49'), 'mag': 5.2}, {'lat': -34.469, 'long': -71.978, 'Time': Timestamp('2010-03-11 18:20:23'), 'mag': 5.0}, {'lat': -34.346, 'long': -71.976, 'Time': Timestamp('2010-03-11 19:28:06'), 'mag': 5.4}, {'lat': -34.381, 'long': -71.979, 'Time': Timestamp('2010-03-11 20:11:20'), 'mag': 5.6}, {'lat': -34.29, 'long': -71.891, 'Time': Timestamp('2010-03-11 14:39:43'), 'mag': 6.9}, {'lat': -34.255, 'long': -71.674, 'Time': Timestamp('2010-03-11 14:48:31'), 'mag': 5.2}, {'lat': -34.326, 'long': -71.799, 'Time': Timestamp('2010-03-11 14:55:27'), 'mag': 7.0}, {'lat': -34.614, 'long': -71.99, 'Time': Timestamp('2010-03-11 14:58:15'), 'mag': 5.6}, {'lat': -34.47, 'long': -72.004, 'Time': Timestamp('2010-03-11 15:06:02'), 'mag': 6.0}, {'lat': -34.245, 'long': -71.866, 'Time': Timestamp('2010-03-11 15:26:15'), 'mag': 5.3}, {'lat': -34.344, 'long': -71.728, 'Time': Timestamp('2010-03-11 15:34:50'), 'mag': 5.0}, {'lat': -34.507, 'long': -72.124, 'Time': Timestamp('2010-03-11 15:54:35'), 'mag': 5.0}, {'lat': -34.393, 'long': -71.802, 'Time': Timestamp('2010-03-11 16:56:33'), 'mag': 5.3}, {'lat': -34.293, 'long': -71.906, 'Time': Timestamp('2010-03-11 17:18:49'), 'mag': 5.2}, {'lat': -34.469, 'long': -71.978, 'Time': Timestamp('2010-03-11 18:20:23'), 'mag': 5.0}, {'lat': -34.346, 'long': -71.976, 'Time': Timestamp('2010-03-11 19:28:06'), 'mag': 5.4}, {'lat': -34.381, 'long': -71.979, 'Time': Timestamp('2010-03-11 20:11:20'), 'mag': 5.6}]",39
1791,2010-03-11 17:38:53.710,0,[],0
1792,2010-03-11 20:52:53.763,1,"[{'lat': -23.709, 'long': -175.802, 'Time': Timestamp('2010-03-11 23:20:15'), 'mag': 5.3}, {'lat': -23.709, 'long': -175.802, 'Time': Timestamp('2010-03-11 23:20:15'), 'mag': 5.3}, {'lat': -23.709, 'long': -175.802, 'Time': Timestamp('2010-03-11 23:20:15'), 'mag': 5.3}]",3
1793,2010-03-12 00:06:52.577,1,"[{'lat': -9.195, 'long': 157.598, 'Time': Timestamp('2010-03-12 03:22:46'), 'mag': 5.3}]",1
1794,2010-03-12 06:39:24.894,0,[],0
1795,2010-03-12 09:55:25.171,0,[],0
1796,2010-03-12 13:14:24.031,0,[],0
1797,2010-03-12 16:31:23.085,1,"[{'lat': -34.233, 'long': -71.917, 'Time': Timestamp('2010-03-12 16:50:01'), 'mag': 5.8}, {'lat': -34.233, 'long': -71.917, 'Time': Timestamp('2010-03-12 16:50:01'), 'mag': 5.8}]",2
1798,2010-03-13 00:36:17.983,1,"[{'lat': 2.192, 'long': 133.02, 'Time': Timestamp('2010-03-13 02:53:15'), 'mag': 5.9}, {'lat': 2.192, 'long': 133.02, 'Time': Timestamp('2010-03-13 02:53:15'), 'mag': 5.9}, {'lat': 2.192, 'long': 133.02, 'Time': Timestamp('2010-03-13 02:53:15'), 'mag': 5.9}]",3
1799,2010-03-13 05:31:24.268,0,[],0
1800,2010-03-13 08:46:21.666,0,[],0
1801,2010-03-13 12:05:53.405,0,[],0
1802,2010-03-13 15:23:47.232,1,"[{'lat': -36.825, 'long': -73.702, 'Time': Timestamp('2010-03-13 20:20:26'), 'mag': 5.3}, {'lat': -36.825, 'long': -73.702, 'Time': Timestamp('2010-03-13 20:20:26'), 'mag': 5.3}]",2
1803,2010-03-13 18:38:48.066,0,[],0
1804,2010-03-13 21:52:23.566,0,[],0
1805,2010-03-14 01:06:19.043,0,[],0
1806,2010-03-14 06:01:54.781,0,[],0
1807,2010-03-14 09:17:20.851,0,[],0
1808,2010-03-14 12:36:23.807,0,[],0
1809,2010-03-14 22:22:23.966,0,[],0
1810,2010-03-15 06:31:58.167,0,[],0
1811,2010-03-15 09:47:50.252,0,[],0
1812,2010-03-15 13:06:53.207,0,[],0
1813,2010-03-15 16:23:53.262,1,"[{'lat': -41.439, 'long': -89.251, 'Time': Timestamp('2010-03-15 17:00:15'), 'mag': 5.2}, {'lat': -41.439, 'long': -89.251, 'Time': Timestamp('2010-03-15 17:00:15'), 'mag': 5.2}]",2
1814,2010-03-15 19:38:23.315,0,[],0
1815,2010-03-15 22:51:53.367,0,[],0
1816,2010-03-16 07:02:25.465,0,[],0
1817,2010-03-16 10:18:19.325,0,[],0
1818,2010-03-16 13:37:23.609,0,[],0
1819,2010-03-16 16:53:53.662,0,[],0
1820,2010-03-16 20:08:23.715,0,[],0
1821,2010-03-17 00:58:49.220,0,[],0
1822,2010-03-17 05:53:53.842,0,[],0
1823,2010-03-17 09:09:23.684,0,[],0
1824,2010-03-17 12:28:53.279,1,"[{'lat': -58.27, 'long': -29.735, 'Time': Timestamp('2010-03-17 15:33:18'), 'mag': 5.0}, {'lat': -58.27, 'long': -29.735, 'Time': Timestamp('2010-03-17 15:33:18'), 'mag': 5.0}]",2
1825,2010-03-17 22:14:53.438,0,[],0
1826,2010-03-18 06:24:25.983,1,"[{'lat': 34.334, 'long': 81.759, 'Time': Timestamp('2010-03-18 07:52:29'), 'mag': 5.0}, {'lat': 34.334, 'long': 81.759, 'Time': Timestamp('2010-03-18 07:52:29'), 'mag': 5.0}, {'lat': 34.334, 'long': 81.759, 'Time': Timestamp('2010-03-18 07:52:29'), 'mag': 5.0}]",3
1827,2010-03-18 09:39:52.052,0,[],0
1828,2010-03-18 12:59:23.680,0,[],0
1829,2010-03-18 16:16:23.734,1,"[{'lat': -21.787, 'long': -68.64, 'Time': Timestamp('2010-03-18 19:49:36'), 'mag': 5.0}, {'lat': -21.787, 'long': -68.64, 'Time': Timestamp('2010-03-18 19:49:36'), 'mag': 5.0}, {'lat': -21.787, 'long': -68.64, 'Time': Timestamp('2010-03-18 19:49:36'), 'mag': 5.0}]",3
1830,2010-03-18 19:30:53.787,0,[],0
1831,2010-03-18 22:44:23.840,1,"[{'lat': -26.919, 'long': -176.415, 'Time': Timestamp('2010-03-18 23:49:11'), 'mag': 5.2}, {'lat': -26.919, 'long': -176.415, 'Time': Timestamp('2010-03-18 23:49:11'), 'mag': 5.2}, {'lat': -26.919, 'long': -176.415, 'Time': Timestamp('2010-03-18 23:49:11'), 'mag': 5.2}]",3
1832,2010-03-19 06:54:27.266,0,[],0
1833,2010-03-19 10:10:49.797,0,[],0
1834,2010-03-19 13:29:53.082,1,"[{'lat': -33.251, 'long': -72.113, 'Time': Timestamp('2010-03-19 14:20:47'), 'mag': 5.2}, {'lat': -34.44, 'long': -72.04, 'Time': Timestamp('2010-03-19 17:10:45'), 'mag': 5.2}]",2
1835,2010-03-19 16:46:23.135,1,"[{'lat': 17.395, 'long': -100.985, 'Time': Timestamp('2010-03-19 20:48:46'), 'mag': 5.0}, {'lat': 17.395, 'long': -100.985, 'Time': Timestamp('2010-03-19 20:48:46'), 'mag': 5.0}, {'lat': 17.395, 'long': -100.985, 'Time': Timestamp('2010-03-19 20:48:46'), 'mag': 5.0}]",3
1836,2010-03-20 00:51:23.268,0,[],0
1837,2010-03-20 05:48:03.951,0,[],0
1838,2010-03-20 09:01:49.060,0,[],0
1839,2010-03-20 12:20:53.456,0,[],0
1840,2010-03-20 15:38:52.270,1,"[{'lat': -34.685, 'long': -72.084, 'Time': Timestamp('2010-03-20 21:21:09'), 'mag': 5.2}, {'lat': -34.685, 'long': -72.084, 'Time': Timestamp('2010-03-20 21:21:09'), 'mag': 5.2}, {'lat': -34.685, 'long': -72.084, 'Time': Timestamp('2010-03-20 21:21:09'), 'mag': 5.2}, {'lat': 19.674, 'long': -75.331, 'Time': Timestamp('2010-03-20 18:08:08'), 'mag': 5.6}, {'lat': 19.76, 'long': -75.364, 'Time': Timestamp('2010-03-20 19:31:28'), 'mag': 5.0}, {'lat': 19.674, 'long': -75.331, 'Time': Timestamp('2010-03-20 18:08:08'), 'mag': 5.6}, {'lat': 19.76, 'long': -75.364, 'Time': Timestamp('2010-03-20 19:31:28'), 'mag': 5.0}, {'lat': 19.674, 'long': -75.331, 'Time': Timestamp('2010-03-20 18:08:08'), 'mag': 5.6}, {'lat': 19.76, 'long': -75.364, 'Time': Timestamp('2010-03-20 19:31:28'), 'mag': 5.0}]",9
1841,2010-03-20 18:53:20.884,1,"[{'lat': 19.872, 'long': -105.465, 'Time': Timestamp('2010-03-20 21:33:06'), 'mag': 5.0}, {'lat': 19.872, 'long': -105.465, 'Time': Timestamp('2010-03-20 21:33:06'), 'mag': 5.0}, {'lat': 19.872, 'long': -105.465, 'Time': Timestamp('2010-03-20 21:33:06'), 'mag': 5.0}]",3
1842,2010-03-20 22:07:23.615,0,[],0
1843,2010-03-21 01:21:19.093,0,[],0
1844,2010-03-21 06:16:54.721,1,"[{'lat': -29.413, 'long': 60.914, 'Time': Timestamp('2010-03-21 06:55:37'), 'mag': 5.0}, {'lat': -29.413, 'long': 60.914, 'Time': Timestamp('2010-03-21 06:55:37'), 'mag': 5.0}]",2
1845,2010-03-21 09:32:22.229,0,[],0
1846,2010-03-21 12:51:23.857,0,[],0
1847,2010-03-21 16:08:53.911,1,"[{'lat': -36.344, 'long': -73.164, 'Time': Timestamp('2010-03-21 18:31:04'), 'mag': 5.5}, {'lat': -36.344, 'long': -73.164, 'Time': Timestamp('2010-03-21 18:31:04'), 'mag': 5.5}, {'lat': -36.344, 'long': -73.164, 'Time': Timestamp('2010-03-21 18:31:04'), 'mag': 5.5}]",3
1848,2010-03-21 19:23:24.276,0,[],0
1849,2010-03-21 22:36:54.017,1,"[{'lat': -14.723, 'long': 167.194, 'Time': Timestamp('2010-03-21 23:41:29'), 'mag': 5.3}, {'lat': -14.723, 'long': 167.194, 'Time': Timestamp('2010-03-21 23:41:29'), 'mag': 5.3}, {'lat': -14.723, 'long': 167.194, 'Time': Timestamp('2010-03-21 23:41:29'), 'mag': 5.3}]",3
1850,2010-03-22 06:46:56.443,0,[],0
1851,2010-03-22 10:02:54.398,0,[],0
1852,2010-03-22 13:21:53.258,0,[],0
1853,2010-03-22 16:38:53.312,0,[],0
1854,2010-03-23 00:43:48.210,0,[],0
1855,2010-03-23 05:38:54.496,0,[],0
1856,2010-03-23 08:54:20.565,0,[],0
1857,2010-03-23 12:13:23.632,0,[],0
1858,2010-03-23 15:30:50.338,1,"[{'lat': -15.327, 'long': -74.56, 'Time': Timestamp('2010-03-23 20:19:25'), 'mag': 5.2}, {'lat': -15.327, 'long': -74.56, 'Time': Timestamp('2010-03-23 20:19:25'), 'mag': 5.2}]",2
1859,2010-03-23 18:45:53.739,0,[],0
1860,2010-03-23 21:59:53.793,0,[],0
1861,2010-03-24 01:13:53.366,0,[],0
1862,2010-03-24 06:08:56.225,0,[],0
1863,2010-03-24 09:24:51.701,1,"[{'lat': 38.821, 'long': 40.138, 'Time': Timestamp('2010-03-24 14:11:31'), 'mag': 5.1}, {'lat': 38.821, 'long': 40.138, 'Time': Timestamp('2010-03-24 14:11:31'), 'mag': 5.1}, {'lat': 38.821, 'long': 40.138, 'Time': Timestamp('2010-03-24 14:11:31'), 'mag': 5.1}]",3
1864,2010-03-24 12:43:53.329,0,[],0
1865,2010-03-24 16:01:23.382,1,"[{'lat': 14.004, 'long': -91.385, 'Time': Timestamp('2010-03-24 17:08:28'), 'mag': 5.0}, {'lat': 14.004, 'long': -91.385, 'Time': Timestamp('2010-03-24 17:08:28'), 'mag': 5.0}, {'lat': 14.004, 'long': -91.385, 'Time': Timestamp('2010-03-24 17:08:28'), 'mag': 5.0}]",3
1866,2010-03-24 19:15:53.435,0,[],0
1867,2010-03-24 22:29:23.489,0,[],0
1868,2010-03-25 06:39:23.265,0,[],0
1869,2010-03-25 09:55:24.870,0,[],0
1870,2010-03-25 13:14:23.730,0,[],0
1871,2010-03-25 16:31:23.784,0,[],0
1872,2010-03-25 19:45:53.837,0,[],0
1873,2010-03-25 22:59:23.889,0,[],0
1874,2010-03-26 07:09:27.316,0,[],0
1875,2010-03-26 10:25:49.959,0,[],0
1876,2010-03-26 13:44:53.131,1,"[{'lat': -27.953, 'long': -70.821, 'Time': Timestamp('2010-03-26 14:52:07'), 'mag': 6.3}, {'lat': -27.953, 'long': -70.821, 'Time': Timestamp('2010-03-26 14:52:07'), 'mag': 6.3}, {'lat': -27.953, 'long': -70.821, 'Time': Timestamp('2010-03-26 14:52:07'), 'mag': 6.3}]",3
1877,2010-03-27 09:16:46.454,0,[],0
1878,2010-03-27 12:36:23.506,0,[],0
1879,2010-03-27 15:53:53.560,0,[],0
1880,2010-03-27 19:08:23.613,0,[],0
1881,2010-03-27 22:21:53.665,1,"[{'lat': -15.394, 'long': -175.499, 'Time': Timestamp('2010-03-28 02:07:24'), 'mag': 5.2}, {'lat': -15.329, 'long': -175.419, 'Time': Timestamp('2010-03-28 02:51:00'), 'mag': 5.1}]",2
1882,2010-03-28 01:36:15.046,0,[],0
1883,2010-03-28 06:31:57.538,0,[],0
1884,2010-03-28 09:47:22.279,0,[],0
1885,2010-03-28 13:06:53.907,0,[],0
1886,2010-03-28 16:23:53.960,1,"[{'lat': -35.387, 'long': -73.385, 'Time': Timestamp('2010-03-28 21:38:28'), 'mag': 6.0}, {'lat': -35.406, 'long': -72.897, 'Time': Timestamp('2010-03-28 21:43:13'), 'mag': 5.6}, {'lat': -35.387, 'long': -73.385, 'Time': Timestamp('2010-03-28 21:38:28'), 'mag': 6.0}, {'lat': -35.406, 'long': -72.897, 'Time': Timestamp('2010-03-28 21:43:13'), 'mag': 5.6}, {'lat': -35.387, 'long': -73.385, 'Time': Timestamp('2010-03-28 21:38:28'), 'mag': 6.0}, {'lat': -35.406, 'long': -72.897, 'Time': Timestamp('2010-03-28 21:43:13'), 'mag': 5.6}]",6
1887,2010-03-28 19:38:24.013,1,"[{'lat': -55.139, 'long': -128.373, 'Time': Timestamp('2010-03-28 20:01:05'), 'mag': 5.7}, {'lat': -55.139, 'long': -128.373, 'Time': Timestamp('2010-03-28 20:01:05'), 'mag': 5.7}]",2
1888,2010-03-28 22:51:54.067,0,[],0
1889,2010-03-29 08:38:50.213,0,[],0
1890,2010-03-29 11:57:53.280,0,[],0
1891,2010-03-29 15:15:48.436,0,[],0
1892,2010-03-29 18:30:49.269,0,[],0
1893,2010-03-29 21:44:51.633,0,[],0
1894,2010-03-30 00:58:44.822,1,"[{'lat': 43.308, 'long': 138.379, 'Time': Timestamp('2010-03-30 01:02:51'), 'mag': 5.7}, {'lat': 43.308, 'long': 138.379, 'Time': Timestamp('2010-03-30 01:02:51'), 'mag': 5.7}, {'lat': 43.308, 'long': 138.379, 'Time': Timestamp('2010-03-30 01:02:51'), 'mag': 5.7}]",3
1895,2010-03-30 05:53:56.309,0,[],0
1896,2010-03-30 09:09:22.054,0,[],0
1897,2010-03-30 12:28:23.682,0,[],0
1898,2010-03-30 15:45:52.497,0,[],0
1899,2010-03-30 19:00:49.894,0,[],0
1900,2010-03-30 22:14:23.842,1,"[{'lat': 51.697, 'long': -175.379, 'Time': Timestamp('2010-03-31 03:51:02'), 'mag': 5.1}, {'lat': 51.697, 'long': -175.379, 'Time': Timestamp('2010-03-31 03:51:02'), 'mag': 5.1}, {'lat': 51.697, 'long': -175.379, 'Time': Timestamp('2010-03-31 03:51:02'), 'mag': 5.1}]",3
1901,2010-03-31 01:28:49.320,1,"[{'lat': -8.971, 'long': 117.432, 'Time': Timestamp('2010-03-31 06:11:30'), 'mag': 5.0}, {'lat': -8.971, 'long': 117.432, 'Time': Timestamp('2010-03-31 06:11:30'), 'mag': 5.0}, {'lat': -8.971, 'long': 117.432, 'Time': Timestamp('2010-03-31 06:11:30'), 'mag': 5.0}]",3
1902,2010-03-31 06:23:53.619,0,[],0
1903,2010-03-31 09:39:51.756,0,[],0
1904,2010-03-31 12:58:53.384,0,[],0
1905,2010-03-31 16:16:23.437,0,[],0
1906,2010-03-31 19:30:53.490,0,[],0
1907,2010-03-31 22:44:23.543,0,[],0
