index,time_window,label,matched_eqs,total_eq
0,2006-10-01 19:01:47.951,0,[],0
1,2006-10-01 20:38:49.072,0,[],0
2,2006-10-01 22:15:49.099,0,[],0
3,2006-10-01 23:52:52.260,0,[],0
4,2006-10-02 01:29:45.725,0,[],0
5,2006-10-02 04:47:00.065,0,[],0
6,2006-10-02 06:24:53.450,0,[],0
7,2006-10-02 08:03:15.720,0,[],0
8,2006-10-02 09:40:22.064,0,[],0
9,2006-10-02 16:17:27.374,0,[],0
10,2006-10-02 17:54:50.760,0,[],0
11,2006-10-02 19:32:17.248,0,[],0
12,2006-10-02 21:08:45.377,0,[],0
13,2006-10-02 22:45:52.635,0,[],0
14,2006-10-03 00:22:52.852,0,[],0
15,2006-10-03 02:00:23.872,0,[],0
16,2006-10-03 05:17:25.041,0,[],0
17,2006-10-03 06:55:57.613,0,[],0
18,2006-10-03 08:32:16.121,0,[],0
19,2006-10-03 10:11:22.466,0,[],0
20,2006-10-03 11:51:22.850,0,[],0
21,2006-10-03 13:30:52.877,0,[],0
22,2006-10-03 15:09:50.550,0,[],0
23,2006-10-03 16:47:57.775,0,[],0
24,2006-10-03 18:25:22.957,0,[],0
25,2006-10-03 20:02:22.983,0,[],0
26,2006-10-03 23:16:23.037,0,[],0
27,2006-10-04 00:53:23.041,1,"[{'lat': 60.687, 'long': 165.685, 'Time': Timestamp('2006-10-04 08:28:23'), 'mag': 5.0}]",1
28,2006-10-04 02:30:49.177,0,[],0
29,2006-10-04 05:48:26.987,0,[],0
30,2006-10-04 07:26:24.358,0,[],0
31,2006-10-04 10:42:19.143,0,[],0
32,2006-10-04 12:22:22.296,0,[],0
33,2006-10-04 14:01:52.323,0,[],0
34,2006-10-04 15:40:20.107,0,[],0
35,2006-10-04 20:32:45.198,0,[],0
36,2006-10-04 22:09:51.865,0,[],0
37,2006-10-04 23:46:22.482,0,[],0
38,2006-10-05 01:23:50.042,1,"[{'lat': 8.435, 'long': 137.798, 'Time': Timestamp('2006-10-05 12:40:59'), 'mag': 5.2}]",1
39,2006-10-05 04:40:56.079,0,[],0
40,2006-10-05 06:18:52.121,0,[],0
41,2006-10-05 07:57:26.903,0,[],0
42,2006-10-05 09:34:22.286,0,[],0
43,2006-10-05 17:48:50.981,0,[],0
44,2006-10-05 19:26:21.454,0,[],0
45,2006-10-05 21:02:46.927,0,[],0
46,2006-10-05 22:39:52.857,0,[],0
47,2006-10-06 01:54:22.766,0,[],0
48,2006-10-06 05:11:23.935,0,[],0
49,2006-10-06 06:49:22.411,1,"[{'lat': 14.556, 'long': 55.846, 'Time': Timestamp('2006-10-06 07:18:19'), 'mag': 5.2}]",1
50,2006-10-06 08:27:49.223,0,[],0
51,2006-10-06 10:05:18.591,0,[],0
52,2006-10-06 11:44:53.071,0,[],0
53,2006-10-06 13:24:22.099,0,[],0
54,2006-10-06 15:03:19.659,0,[],0
55,2006-10-06 16:41:51.572,0,[],0
56,2006-10-06 18:19:22.179,0,[],0
57,2006-10-06 19:56:22.205,0,[],0
58,2006-10-06 21:33:17.656,0,[],0
59,2006-10-06 23:10:22.258,0,[],0
60,2006-10-07 00:47:17.050,0,[],0
61,2006-10-07 05:42:00.089,0,[],0
62,2006-10-07 07:20:24.579,0,[],0
63,2006-10-07 08:58:56.269,0,[],0
64,2006-10-07 10:36:20.760,0,[],0
65,2006-10-07 12:15:52.473,0,[],0
66,2006-10-07 13:55:22.500,0,[],0
67,2006-10-07 15:34:25.708,0,[],0
68,2006-10-07 17:12:20.645,0,[],0
69,2006-10-07 18:49:51.119,0,[],0
70,2006-10-07 20:26:45.375,0,[],0
71,2006-10-07 22:03:22.265,0,[],0
72,2006-10-07 23:40:22.660,0,[],0
73,2006-10-08 01:17:46.123,0,[],0
74,2006-10-08 04:34:54.816,0,[],0
75,2006-10-08 07:50:52.437,0,[],0
76,2006-10-08 09:27:51.023,0,[],0
77,2006-10-17 09:09:20.602,0,[],0
78,2006-10-17 10:48:47.973,0,[],0
79,2006-10-17 12:28:52.453,0,[],0
80,2006-10-17 14:07:52.480,0,[],0
81,2006-10-17 15:46:51.703,0,[],0
82,2006-10-17 17:24:50.625,0,[],0
83,2006-10-17 19:01:48.330,0,[],0
84,2006-10-17 20:38:50.779,0,[],0
85,2006-10-17 22:15:53.573,0,[],0
86,2006-10-17 23:52:52.639,0,[],0
87,2006-10-18 01:29:48.213,0,[],0
88,2006-10-18 04:47:00.443,0,[],0
89,2006-10-18 06:24:45.515,0,[],0
90,2006-10-18 08:03:16.100,0,[],0
91,2006-10-18 09:40:22.442,0,[],0
92,2006-10-18 14:38:44.582,0,[],0
93,2006-10-18 19:32:17.664,0,[],0
94,2006-10-18 21:09:20.001,0,[],0
95,2006-10-18 22:45:53.052,0,[],0
96,2006-10-19 00:22:52.268,0,[],0
97,2006-10-19 02:00:23.288,1,"[{'lat': 64.067, 'long': 148.859, 'Time': Timestamp('2006-10-19 07:15:36'), 'mag': 5.2}]",1
98,2006-10-19 05:17:24.457,0,[],0
99,2006-10-19 06:55:54.696,0,[],0
100,2006-10-19 08:34:18.418,0,[],0
101,2006-10-19 10:11:21.881,0,[],0
102,2006-10-19 11:51:22.265,0,[],0
103,2006-10-19 13:30:52.293,0,[],0
104,2006-10-19 15:09:47.197,0,[],0
105,2006-10-19 16:47:57.191,0,[],0
106,2006-10-19 18:25:22.373,0,[],0
107,2006-10-19 20:02:22.399,0,[],0
108,2006-10-19 21:39:21.946,0,[],0
109,2006-10-19 23:16:22.453,0,[],0
110,2006-10-20 00:53:18.573,1,"[{'lat': 60.9, 'long': 167.131, 'Time': Timestamp('2006-10-20 11:14:32'), 'mag': 5.0}, {'lat': -2.593, 'long': 140.455, 'Time': Timestamp('2006-10-20 05:39:10'), 'mag': 5.1}, {'lat': -2.593, 'long': 140.455, 'Time': Timestamp('2006-10-20 05:39:10'), 'mag': 5.1}]",3
111,2006-10-20 05:48:27.404,0,[],0
112,2006-10-20 07:26:24.774,0,[],0
113,2006-10-20 09:03:20.816,0,[],0
114,2006-10-20 12:22:22.667,0,[],0
115,2006-10-20 14:01:52.694,0,[],0
116,2006-10-20 15:40:21.806,1,"[{'lat': -9.799, 'long': -74.885, 'Time': Timestamp('2006-10-20 20:20:40'), 'mag': 5.0}, {'lat': -9.799, 'long': -74.885, 'Time': Timestamp('2006-10-20 20:20:40'), 'mag': 5.0}]",2
117,2006-10-20 17:18:20.839,0,[],0
118,2006-10-20 18:55:56.736,0,[],0
119,2006-10-20 20:32:45.569,0,[],0
120,2006-10-20 22:09:49.692,0,[],0
121,2006-10-20 23:46:52.854,0,[],0
122,2006-10-21 04:40:55.121,0,[],0
123,2006-10-21 06:18:58.017,0,[],0
124,2006-10-21 07:57:24.506,0,[],0
125,2006-10-21 09:34:18.561,0,[],0
126,2006-10-21 16:11:18.662,0,[],0
127,2006-10-21 17:48:50.352,0,[],0
128,2006-10-21 19:26:20.825,0,[],0
129,2006-10-21 21:02:46.410,0,[],0
130,2006-10-21 22:39:52.228,0,[],0
131,2006-10-22 00:16:52.255,0,[],0
132,2006-10-22 01:54:19.369,0,[],0
133,2006-10-22 05:11:23.306,0,[],0
134,2006-10-22 06:49:17.898,0,[],0
135,2006-10-22 08:26:15.714,0,[],0
136,2006-10-22 10:05:17.963,0,[],0
137,2006-10-22 13:24:52.470,0,[],0
138,2006-10-22 15:03:48.702,1,"[{'lat': -25.813, 'long': -70.855, 'Time': Timestamp('2006-10-22 23:29:08'), 'mag': 5.4}, {'lat': -25.813, 'long': -70.855, 'Time': Timestamp('2006-10-22 23:29:08'), 'mag': 5.4}]",2
139,2006-10-22 19:56:22.577,0,[],0
140,2006-10-22 21:33:22.123,0,[],0
141,2006-10-22 23:10:22.630,0,[],0
142,2006-10-23 00:47:17.422,0,[],0
143,2006-10-23 02:24:53.866,1,"[{'lat': 4.971, 'long': 125.376, 'Time': Timestamp('2006-10-23 05:15:53'), 'mag': 5.2}, {'lat': 5.081, 'long': 125.52, 'Time': Timestamp('2006-10-23 05:18:35'), 'mag': 5.0}, {'lat': 4.935, 'long': 125.37, 'Time': Timestamp('2006-10-23 07:27:34'), 'mag': 5.1}]",3
144,2006-10-23 05:41:53.596,0,[],0
145,2006-10-23 07:20:24.951,0,[],0
146,2006-10-23 08:58:52.545,0,[],0
147,2006-10-23 10:36:21.131,0,[],0
148,2006-10-23 12:16:22.844,0,[],0
149,2006-10-23 13:55:52.871,0,[],0
150,2006-10-23 15:34:21.983,0,[],0
151,2006-10-23 18:49:51.489,0,[],0
152,2006-10-23 20:26:45.746,0,[],0
153,2006-10-23 22:03:48.429,0,[],0
154,2006-10-23 23:40:23.030,0,[],0
155,2006-10-24 01:17:47.823,0,[],0
156,2006-10-24 04:34:54.187,0,[],0
157,2006-10-24 06:12:57.194,0,[],0
158,2006-10-24 07:50:51.807,0,[],0
159,2006-10-24 09:27:50.394,1,"[{'lat': 40.424, 'long': 29.107, 'Time': Timestamp('2006-10-24 14:00:21'), 'mag': 5.0}]",1
160,2006-10-24 16:05:11.976,0,[],0
161,2006-10-24 17:42:50.529,0,[],0
162,2006-10-24 19:20:21.002,0,[],0
163,2006-10-24 20:56:50.571,0,[],0
164,2006-10-24 22:33:49.158,0,[],0
165,2006-10-25 00:10:52.432,0,[],0
166,2006-10-25 01:48:18.218,0,[],0
167,2006-10-25 05:05:23.371,0,[],0
168,2006-10-25 06:43:19.403,0,[],0
169,2006-10-25 08:21:50.099,0,[],0
170,2006-10-25 11:38:52.667,0,[],0
171,2006-10-25 13:18:22.694,0,[],0
172,2006-10-25 14:57:12.610,0,[],0
173,2006-10-25 19:50:18.906,0,[],0
174,2006-10-25 21:27:22.828,0,[],0
175,2006-10-25 23:04:22.854,0,[],0
176,2006-10-26 00:41:17.646,0,[],0
177,2006-10-26 05:36:00.684,0,[],0
178,2006-10-26 07:14:25.176,0,[],0
179,2006-10-26 08:50:51.217,0,[],0
180,2006-10-26 10:30:21.356,1,"[{'lat': 38.649, 'long': 15.39, 'Time': Timestamp('2006-10-26 14:28:37'), 'mag': 5.8}]",1
181,2006-10-26 12:09:53.069,0,[],0
182,2006-10-26 13:49:20.399,0,[],0
183,2006-10-26 15:28:21.207,1,"[{'lat': -13.371, 'long': -76.618, 'Time': Timestamp('2006-10-26 22:54:32'), 'mag': 6.0}]",1
184,2006-10-26 17:06:20.241,0,[],0
185,2006-10-26 18:43:46.618,0,[],0
186,2006-10-26 20:20:52.202,0,[],0
187,2006-10-26 21:57:20.533,0,[],0
188,2006-10-26 23:34:22.255,0,[],0
189,2006-10-27 01:11:49.816,0,[],0
190,2006-10-27 04:28:51.755,0,[],0
191,2006-10-27 06:06:24.438,0,[],0
192,2006-10-27 07:44:53.360,0,[],0
193,2006-10-27 09:21:50.618,0,[],0
194,2006-10-27 11:01:22.086,0,[],0
195,2006-10-27 12:40:52.470,0,[],0
196,2006-10-27 14:20:18.145,0,[],0
197,2006-10-27 15:58:47.624,0,[],0
198,2006-10-27 17:36:52.082,0,[],0
199,2006-10-27 19:14:19.787,0,[],0
200,2006-10-27 20:50:52.604,0,[],0
201,2006-10-28 06:37:23.723,0,[],0
202,2006-10-28 09:52:49.915,0,[],0
203,2006-10-28 11:32:22.844,0,[],0
204,2006-10-28 13:12:22.871,0,[],0
205,2006-10-28 14:51:18.211,0,[],0
206,2006-10-28 16:29:52.925,0,[],0
207,2006-10-28 18:07:22.952,0,[],0
208,2006-10-28 19:44:22.978,0,[],0
209,2006-10-28 21:21:23.004,0,[],0
210,2006-10-28 22:58:23.031,0,[],0
211,2006-10-29 00:35:15.056,0,[],0
212,2006-10-29 03:51:49.756,0,[],0
213,2006-10-29 05:29:51.781,0,[],0
214,2006-10-29 07:07:53.135,0,[],0
215,2006-10-29 08:44:50.506,0,[],0
216,2006-10-29 10:23:50.645,0,[],0
217,2006-10-29 12:03:52.246,0,[],0
218,2006-10-29 13:43:23.232,0,[],0
219,2006-10-29 15:22:19.945,0,[],0
220,2006-10-29 20:14:52.379,0,[],0
221,2006-10-29 21:51:22.406,0,[],0
222,2006-10-29 23:28:22.432,0,[],0
223,2006-10-30 01:05:22.458,0,[],0
224,2006-10-30 04:22:27.356,0,[],0
225,2006-10-30 06:00:33.142,0,[],0
226,2006-10-30 07:38:53.648,0,[],0
227,2006-10-30 09:15:45.483,0,[],0
228,2006-10-30 10:55:22.597,0,[],0
229,2006-10-30 12:34:52.647,0,[],0
230,2006-10-30 14:14:20.978,0,[],0
231,2006-10-30 15:52:51.897,0,[],0
232,2006-10-30 17:30:52.728,0,[],0
233,2006-10-30 19:07:52.754,0,[],0
234,2006-10-30 20:44:52.781,0,[],0
235,2006-10-30 22:21:50.999,0,[],0
236,2006-10-30 23:58:52.833,0,[],0
237,2006-10-31 01:35:49.846,0,[],0
238,2006-10-31 04:53:22.445,0,[],0
239,2006-10-31 06:31:22.573,0,[],0
240,2006-10-31 08:09:44.965,0,[],0
241,2006-10-31 09:46:50.134,0,[],0
242,2006-10-31 11:26:23.062,0,[],0
243,2006-10-31 13:05:52.089,0,[],0
244,2006-10-31 14:45:21.525,0,[],0
245,2006-10-31 16:23:21.675,0,[],0
246,2006-10-31 18:01:22.170,0,[],0
247,2006-10-31 19:38:22.196,0,[],0
248,2006-10-31 21:15:22.223,0,[],0
249,2006-10-31 22:52:22.250,0,[],0
250,2006-11-01 00:29:22.466,0,[],0
251,2006-11-01 03:45:51.303,0,[],0
252,2006-11-01 05:23:52.000,0,[],0
253,2006-11-01 07:01:53.355,0,[],0
254,2006-11-01 08:40:26.808,0,[],0
255,2006-11-01 10:17:49.535,0,[],0
256,2006-11-01 11:57:22.464,0,[],0
257,2006-11-01 13:36:53.339,0,[],0
258,2006-11-01 15:15:51.491,0,[],0
259,2006-11-01 20:08:52.598,0,[],0
260,2006-11-01 21:45:22.624,0,[],0
261,2006-11-01 23:22:22.650,0,[],0
262,2006-11-02 00:59:21.539,0,[],0
263,2006-11-02 04:16:26.246,0,[],0
264,2006-11-02 05:54:25.168,0,[],0
265,2006-11-02 07:32:55.196,0,[],0
266,2006-11-02 09:09:21.125,0,[],0
267,2006-11-02 10:48:48.719,0,[],0
268,2006-11-02 12:28:52.865,0,[],0
269,2006-11-02 14:07:51.196,0,[],0
270,2006-11-02 15:46:52.116,0,[],0
271,2006-11-02 17:24:52.946,0,[],0
272,2006-11-02 19:01:48.855,0,[],0
273,2006-11-02 20:38:52.999,0,[],0
274,2006-11-02 22:15:51.218,0,[],0
275,2006-11-02 23:52:53.052,0,[],0
276,2006-11-03 01:29:50.505,0,[],0
277,2006-11-03 04:46:59.856,1,"[{'lat': 22.104, 'long': 93.351, 'Time': Timestamp('2006-11-03 14:43:10'), 'mag': 5.0}]",1
278,2006-11-03 06:24:49.023,0,[],0
279,2006-11-03 08:03:19.608,0,[],0
280,2006-11-03 09:40:21.967,0,[],0
281,2006-11-03 11:20:22.128,0,[],0
282,2006-11-03 12:59:52.289,0,[],0
283,2006-11-03 14:38:50.620,0,[],0
284,2006-11-03 17:55:22.370,0,[],0
285,2006-11-03 19:32:18.501,0,[],0
286,2006-11-03 22:45:52.449,0,[],0
287,2006-11-04 00:22:52.475,0,[],0
288,2006-11-04 02:00:21.252,1,"[{'lat': 5.935, 'long': 126.068, 'Time': Timestamp('2006-11-04 06:19:01'), 'mag': 5.1}, {'lat': -4.027, 'long': 121.573, 'Time': Timestamp('2006-11-04 07:04:51'), 'mag': 5.2}]",2
289,2006-11-04 05:17:54.966,0,[],0
290,2006-11-04 06:55:52.326,0,[],0
291,2006-11-04 08:34:27.007,0,[],0
292,2006-11-04 10:11:49.734,0,[],0
293,2006-11-04 11:51:22.663,0,[],0
294,2006-11-04 13:30:50.771,0,[],0
295,2006-11-04 15:09:42.718,1,"[{'lat': -19.198, 'long': -68.902, 'Time': Timestamp('2006-11-04 18:54:34'), 'mag': 5.1}, {'lat': -19.198, 'long': -68.902, 'Time': Timestamp('2006-11-04 18:54:34'), 'mag': 5.1}]",2
296,2006-11-04 16:47:52.744,0,[],0
297,2006-11-04 18:25:22.771,0,[],0
298,2006-11-04 20:02:52.797,0,[],0
299,2006-11-04 21:39:22.823,0,[],0
300,2006-11-04 23:16:22.850,0,[],0
301,2006-11-05 00:53:14.875,1,"[{'lat': -2.838, 'long': 138.859, 'Time': Timestamp('2006-11-05 01:58:14'), 'mag': 5.1}]",1
302,2006-11-05 05:48:25.368,0,[],0
303,2006-11-05 07:26:26.722,0,[],0
304,2006-11-05 09:03:22.765,0,[],0
305,2006-11-05 10:42:48.808,0,[],0
306,2006-11-05 12:22:23.064,0,[],0
307,2006-11-05 14:01:50.395,0,[],0
308,2006-11-05 15:40:53.971,0,[],0
309,2006-11-05 20:32:52.198,0,[],0
310,2006-11-05 22:09:49.089,0,[],0
311,2006-11-05 23:46:52.251,0,[],0
312,2006-11-06 01:23:49.811,0,[],0
313,2006-11-06 04:40:53.191,0,[],0
314,2006-11-06 06:18:49.222,0,[],0
315,2006-11-06 07:57:19.807,0,[],0
316,2006-11-06 09:34:18.070,0,[],0
317,2006-11-06 11:13:49.537,0,[],0
318,2006-11-06 12:53:22.466,0,[],0
319,2006-11-06 14:32:46.813,1,"[{'lat': -26.64, 'long': -70.492, 'Time': Timestamp('2006-11-06 14:51:38'), 'mag': 5.2}]",1
320,2006-11-06 16:11:20.723,0,[],0
321,2006-11-06 17:48:52.547,0,[],0
322,2006-11-06 19:26:18.566,0,[],0
323,2006-11-06 21:03:22.599,0,[],0
324,2006-11-06 22:39:52.626,0,[],0
325,2006-11-07 00:16:52.652,1,"[{'lat': -5.92, 'long': 151.105, 'Time': Timestamp('2006-11-07 09:16:04'), 'mag': 5.3}]",1
326,2006-11-07 01:54:20.993,0,[],0
327,2006-11-07 05:11:26.471,0,[],0
328,2006-11-07 06:49:22.392,1,"[{'lat': 24.451, 'long': 64.933, 'Time': Timestamp('2006-11-07 12:31:40'), 'mag': 5.0}]",1
329,2006-11-07 08:26:20.208,0,[],0
330,2006-11-07 10:05:21.239,0,[],0
331,2006-11-07 11:44:52.840,0,[],0
332,2006-11-07 13:24:52.868,0,[],0
333,2006-11-07 15:03:48.318,0,[],0
334,2006-11-07 16:41:52.921,0,[],0
335,2006-11-07 18:19:22.947,0,[],0
336,2006-11-07 19:56:22.974,0,[],0
337,2006-11-07 23:10:23.027,0,[],0
338,2006-11-08 00:47:20.375,1,"[{'lat': 47.19, 'long': 154.014, 'Time': Timestamp('2006-11-08 08:22:31'), 'mag': 5.1}]",1
339,2006-11-08 02:24:49.614,0,[],0
340,2006-11-08 05:42:23.216,0,[],0
341,2006-11-08 07:20:24.571,0,[],0
342,2006-11-08 08:58:51.942,0,[],0
343,2006-11-08 10:36:20.564,0,[],0
344,2006-11-08 12:16:22.276,1,"[{'lat': 0.828, 'long': -28.256, 'Time': Timestamp('2006-11-08 23:15:59'), 'mag': 5.0}]",1
345,2006-11-08 13:55:50.607,0,[],0
346,2006-11-08 15:34:21.415,0,[],0
347,2006-11-08 17:12:20.449,1,"[{'lat': 16.03, 'long': -96.566, 'Time': Timestamp('2006-11-08 17:18:47'), 'mag': 5.1}]",1
348,2006-11-08 18:49:52.250,0,[],0
349,2006-11-08 20:26:52.410,0,[],0
350,2006-11-08 22:03:49.412,0,[],0
351,2006-11-08 23:40:22.462,0,[],0
352,2006-11-09 01:17:47.255,1,"[{'lat': 47.125, 'long': 153.915, 'Time': Timestamp('2006-11-09 02:26:19'), 'mag': 5.0}]",1
353,2006-11-09 04:34:54.619,0,[],0
354,2006-11-09 06:12:57.626,0,[],0
355,2006-11-09 07:51:25.007,0,[],0
356,2006-11-09 09:28:19.498,0,[],0
357,2006-11-09 11:07:50.965,1,"[{'lat': -35.0, 'long': -15.0, 'Time': Timestamp('2006-11-09 14:24:24'), 'mag': 5.0}]",1
358,2006-11-09 12:47:22.677,0,[],0
359,2006-11-09 14:26:48.129,0,[],0
360,2006-11-09 16:05:13.736,1,"[{'lat': -37.314, 'long': -94.221, 'Time': Timestamp('2006-11-10 02:00:23'), 'mag': 5.1}]",1
361,2006-11-09 17:42:50.961,1,"[{'lat': -55.081, 'long': -129.045, 'Time': Timestamp('2006-11-10 01:32:54'), 'mag': 5.1}]",1
362,2006-11-09 19:20:21.434,0,[],0
363,2006-11-09 20:56:52.810,0,[],0
364,2006-11-09 22:33:49.590,0,[],0
365,2006-11-10 00:10:52.864,0,[],0
366,2006-11-10 01:48:19.654,0,[],0
367,2006-11-10 05:05:21.147,0,[],0
368,2006-11-10 06:43:19.835,0,[],0
369,2006-11-10 08:21:50.531,0,[],0
370,2006-11-10 09:59:22.667,0,[],0
371,2006-11-10 11:38:53.052,0,[],0
372,2006-11-10 13:18:23.078,0,[],0
373,2006-11-10 14:57:11.994,0,[],0
374,2006-11-10 16:35:51.552,0,[],0
375,2006-11-10 18:13:22.159,0,[],0
376,2006-11-10 19:50:18.291,0,[],0
377,2006-11-10 21:27:22.212,0,[],0
378,2006-11-10 23:04:22.238,0,[],0
379,2006-11-11 00:41:17.031,0,[],0
380,2006-11-11 02:18:53.921,0,[],0
381,2006-11-11 05:36:00.069,0,[],0
382,2006-11-11 07:14:24.559,0,[],0
383,2006-11-11 08:52:53.482,0,[],0
384,2006-11-11 10:30:20.740,0,[],0
385,2006-11-11 12:09:52.452,0,[],0
386,2006-11-11 13:49:22.112,0,[],0
387,2006-11-11 15:28:21.592,1,"[{'lat': -41.481, 'long': -85.613, 'Time': Timestamp('2006-11-11 22:10:28'), 'mag': 5.0}, {'lat': -41.481, 'long': -85.613, 'Time': Timestamp('2006-11-11 22:10:28'), 'mag': 5.0}]",2
388,2006-11-11 17:06:20.625,0,[],0
389,2006-11-11 18:43:47.002,0,[],0
390,2006-11-11 20:20:52.586,1,"[{'lat': -62.669, 'long': -161.144, 'Time': Timestamp('2006-11-11 23:39:48'), 'mag': 5.1}]",1
391,2006-11-11 21:57:49.589,0,[],0
392,2006-11-11 23:34:52.640,0,[],0
393,2006-11-12 01:11:50.200,0,[],0
394,2006-11-12 04:28:52.140,0,[],0
395,2006-11-12 06:06:57.591,0,[],0
396,2006-11-12 07:44:53.745,0,[],0
397,2006-11-12 09:21:51.003,0,[],0
398,2006-11-12 11:01:22.470,0,[],0
399,2006-11-12 14:20:18.529,1,"[{'lat': -26.052, 'long': -63.283, 'Time': Timestamp('2006-11-13 01:26:35'), 'mag': 6.8}]",1
400,2006-11-12 15:58:48.008,0,[],0
401,2006-11-12 19:14:21.499,0,[],0
402,2006-11-12 20:51:22.988,0,[],0
403,2006-11-12 22:27:53.863,0,[],0
404,2006-11-13 00:04:53.041,1,"[{'lat': -5.191, 'long': 151.466, 'Time': Timestamp('2006-11-13 04:06:52'), 'mag': 5.3}, {'lat': -6.577, 'long': 151.178, 'Time': Timestamp('2006-11-13 11:20:14'), 'mag': 5.0}]",2
405,2006-11-13 01:42:18.614,0,[],0
406,2006-11-13 03:21:21.849,0,[],0
407,2006-11-13 04:59:22.981,0,[],0
408,2006-11-13 06:37:19.012,0,[],0
409,2006-11-13 08:15:45.613,0,[],0
410,2006-11-13 09:52:47.748,0,[],0
411,2006-11-13 11:32:49.326,0,[],0
412,2006-11-13 13:12:22.256,0,[],0
413,2006-11-13 14:51:19.035,0,[],0
414,2006-11-13 16:29:50.401,0,[],0
415,2006-11-13 18:07:22.336,0,[],0
416,2006-11-13 19:44:18.468,0,[],0
417,2006-11-13 21:21:22.389,0,[],0
418,2006-11-13 22:58:22.415,0,[],0
419,2006-11-14 00:35:18.536,1,"[{'lat': -5.456, 'long': 150.343, 'Time': Timestamp('2006-11-14 06:40:31'), 'mag': 5.0}]",1
420,2006-11-14 05:29:54.710,0,[],0
421,2006-11-14 07:07:54.625,0,[],0
422,2006-11-14 08:44:52.107,0,[],0
423,2006-11-14 10:24:20.917,0,[],0
424,2006-11-14 12:03:52.629,0,[],0
425,2006-11-14 13:43:23.617,0,[],0
426,2006-11-14 15:22:20.329,0,[],0
427,2006-11-14 17:00:24.898,0,[],0
428,2006-11-14 18:37:47.179,0,[],0
429,2006-11-14 20:14:52.763,0,[],0
430,2006-11-14 21:51:21.094,0,[],0
431,2006-11-14 23:28:22.817,0,[],0
432,2006-11-15 01:05:50.377,1,"[{'lat': 46.479, 'long': 153.296, 'Time': Timestamp('2006-11-15 11:13:34'), 'mag': 5.0}, {'lat': 46.592, 'long': 153.266, 'Time': Timestamp('2006-11-15 11:14:13'), 'mag': 8.3}, {'lat': 46.301, 'long': 154.61, 'Time': Timestamp('2006-11-15 11:23:06'), 'mag': 5.6}, {'lat': 46.27, 'long': 154.52, 'Time': Timestamp('2006-11-15 11:24:29'), 'mag': 5.6}, {'lat': 47.77, 'long': 153.179, 'Time': Timestamp('2006-11-15 11:24:57'), 'mag': 5.5}, {'lat': 47.518, 'long': 152.647, 'Time': Timestamp('2006-11-15 11:25:09'), 'mag': 6.0}, {'lat': 46.086, 'long': 154.1, 'Time': Timestamp('2006-11-15 11:28:38'), 'mag': 6.0}, {'lat': 46.371, 'long': 154.475, 'Time': Timestamp('2006-11-15 11:29:22'), 'mag': 6.2}, {'lat': 46.862, 'long': 153.731, 'Time': Timestamp('2006-11-15 11:33:23'), 'mag': 5.5}, {'lat': 46.652, 'long': 155.305, 'Time': Timestamp('2006-11-15 11:34:58'), 'mag': 6.4}, {'lat': 47.673, 'long': 151.525, 'Time': Timestamp('2006-11-15 11:40:03'), 'mag': 5.3}, {'lat': 46.483, 'long': 154.726, 'Time': Timestamp('2006-11-15 11:40:55'), 'mag': 6.7}, {'lat': 44.104, 'long': 154.7, 'Time': Timestamp('2006-11-15 11:48:04'), 'mag': 5.5}, {'lat': 47.362, 'long': 154.411, 'Time': Timestamp('2006-11-15 11:52:55'), 'mag': 5.0}, {'lat': 47.323, 'long': 155.361, 'Time': Timestamp('2006-11-15 12:09:17'), 'mag': 5.4}, {'lat': 46.301, 'long': 154.407, 'Time': Timestamp('2006-11-15 12:15:23'), 'mag': 5.3}, {'lat': 47.111, 'long': 154.417, 'Time': Timestamp('2006-11-15 12:16:05'), 'mag': 5.7}, {'lat': 46.195, 'long': 154.668, 'Time': Timestamp('2006-11-15 12:16:44'), 'mag': 5.9}, {'lat': 46.789, 'long': 153.395, 'Time': Timestamp('2006-11-15 12:23:04'), 'mag': 5.0}, {'lat': 47.421, 'long': 153.861, 'Time': Timestamp('2006-11-15 12:26:15'), 'mag': 5.7}, {'lat': 47.055, 'long': 155.526, 'Time': Timestamp('2006-11-15 12:28:21'), 'mag': 5.5}, {'lat': 21.784, 'long': 143.016, 'Time': Timestamp('2006-11-15 04:11:08'), 'mag': 5.1}, {'lat': 21.783, 'long': 143.019, 'Time': Timestamp('2006-11-15 04:28:10'), 'mag': 5.3}]",23
433,2006-11-15 06:00:25.000,0,[],0
434,2006-11-15 07:39:00.674,0,[],0
435,2006-11-15 09:15:47.084,0,[],0
436,2006-11-15 10:55:22.696,0,[],0
437,2006-11-15 12:34:53.933,0,[],0
438,2006-11-15 14:14:25.946,0,[],0
439,2006-11-15 15:52:47.234,0,[],0
440,2006-11-15 17:30:51.692,0,[],0
441,2006-11-15 19:08:19.397,0,[],0
442,2006-11-15 20:44:52.213,0,[],0
443,2006-11-16 04:53:20.550,0,[],0
444,2006-11-16 06:31:19.238,1,"[{'lat': 22.667, 'long': 63.279, 'Time': Timestamp('2006-11-16 09:36:26'), 'mag': 5.3}]",1
445,2006-11-16 08:09:52.591,0,[],0
446,2006-11-16 09:46:45.318,0,[],0
447,2006-11-16 16:23:51.955,0,[],0
448,2006-11-16 18:01:22.562,0,[],0
449,2006-11-16 19:38:20.021,0,[],0
450,2006-11-16 21:15:22.615,0,[],0
451,2006-11-16 22:52:22.642,0,[],0
452,2006-11-17 00:29:22.646,0,[],0
453,2006-11-17 03:45:51.695,0,[],0
454,2006-11-17 05:23:54.936,0,[],0
455,2006-11-17 07:01:57.619,0,[],0
456,2006-11-17 08:38:52.991,0,[],0
457,2006-11-17 10:17:51.143,0,[],0
458,2006-11-17 11:57:22.856,0,[],0
459,2006-11-17 13:37:22.404,0,[],0
460,2006-11-17 15:15:51.883,0,[],0
461,2006-11-17 16:54:22.356,0,[],0
462,2006-11-17 18:31:52.963,0,[],0
463,2006-11-17 20:08:52.990,0,[],0
464,2006-11-17 21:45:23.016,1,"[{'lat': -20.062, 'long': -174.254, 'Time': Timestamp('2006-11-18 01:22:31'), 'mag': 5.1}]",1
465,2006-11-17 23:22:23.043,0,[],0
466,2006-11-18 00:59:21.931,1,"[{'lat': 46.771, 'long': 155.064, 'Time': Timestamp('2006-11-18 00:59:38'), 'mag': 5.1}, {'lat': 47.066, 'long': 155.412, 'Time': Timestamp('2006-11-18 02:35:36'), 'mag': 5.2}, {'lat': 46.738, 'long': 154.989, 'Time': Timestamp('2006-11-18 05:00:40'), 'mag': 5.0}, {'lat': 48.171, 'long': 154.81, 'Time': Timestamp('2006-11-18 08:50:54'), 'mag': 5.1}]",4
467,2006-11-18 04:16:26.967,1,"[{'lat': 4.746, 'long': 94.783, 'Time': Timestamp('2006-11-18 13:55:21'), 'mag': 5.9}, {'lat': 4.741, 'long': 94.771, 'Time': Timestamp('2006-11-18 13:57:53'), 'mag': 5.9}]",2
468,2006-11-18 05:54:24.225,0,[],0
469,2006-11-18 07:32:51.708,0,[],0
470,2006-11-18 09:09:21.734,0,[],0
471,2006-11-18 10:48:47.777,0,[],0
472,2006-11-18 12:28:50.014,0,[],0
473,2006-11-18 14:07:50.588,0,[],0
474,2006-11-18 15:46:51.507,0,[],0
475,2006-11-18 17:24:50.429,0,[],0
476,2006-11-18 19:01:48.135,0,[],0
477,2006-11-18 20:38:52.390,0,[],0
478,2006-11-18 22:15:50.609,0,[],0
479,2006-11-18 23:52:52.444,0,[],0
480,2006-11-19 01:29:53.441,0,[],0
481,2006-11-19 04:46:57.368,0,[],0
482,2006-11-19 06:24:49.414,0,[],0
483,2006-11-19 08:03:19.999,0,[],0
484,2006-11-19 09:40:18.151,0,[],0
485,2006-11-19 11:20:19.730,0,[],0
486,2006-11-19 12:59:52.658,0,[],0
487,2006-11-19 14:38:47.998,0,[],0
488,2006-11-19 19:32:17.430,0,[],0
489,2006-11-19 21:09:22.792,0,[],0
490,2006-11-19 22:46:22.819,0,[],0
491,2006-11-20 00:23:23.035,0,[],0
492,2006-11-20 03:39:51.872,0,[],0
493,2006-11-20 05:17:55.113,0,[],0
494,2006-11-20 06:55:56.792,0,[],0
495,2006-11-20 08:34:23.281,0,[],0
496,2006-11-20 10:11:51.320,0,[],0
497,2006-11-20 11:51:23.032,0,[],0
498,2006-11-20 13:30:51.140,0,[],0
499,2006-11-20 15:09:42.087,1,"[{'lat': -40.121, 'long': -75.042, 'Time': Timestamp('2006-11-20 19:33:54'), 'mag': 5.2}, {'lat': -40.121, 'long': -75.042, 'Time': Timestamp('2006-11-20 19:33:54'), 'mag': 5.2}]",2
500,2006-11-20 16:47:56.957,0,[],0
501,2006-11-20 18:25:52.140,0,[],0
502,2006-11-20 20:02:52.166,0,[],0
503,2006-11-24 08:57:22.353,0,[],0
504,2006-11-24 10:36:19.723,0,[],0
505,2006-11-24 12:16:22.653,0,[],0
506,2006-11-24 13:55:52.679,0,[],0
507,2006-11-24 15:34:21.791,0,[],0
508,2006-11-24 17:12:22.734,0,[],0
509,2006-11-24 18:49:52.760,0,[],0
510,2006-11-24 20:26:52.787,0,[],0
511,2006-11-24 22:03:52.813,0,[],0
512,2006-11-24 23:40:52.840,0,[],0
513,2006-11-25 01:17:51.728,0,[],0
514,2006-11-25 04:34:53.779,0,[],0
515,2006-11-25 07:51:20.395,0,[],0
516,2006-11-25 09:28:19.987,0,[],0
517,2006-11-25 11:07:50.125,0,[],0
518,2006-11-25 12:47:23.054,0,[],0
519,2006-11-25 14:26:49.392,0,[],0
520,2006-11-25 16:05:20.311,0,[],0
521,2006-11-25 17:42:52.134,0,[],0
522,2006-11-25 22:33:52.214,0,[],0
523,2006-11-26 00:10:52.241,0,[],0
524,2006-11-26 01:48:19.254,0,[],0
525,2006-11-26 05:05:23.292,0,[],0
526,2006-11-26 06:43:23.308,0,[],0
527,2006-11-26 08:21:47.140,0,[],0
528,2006-11-26 09:59:20.828,0,[],0
529,2006-11-26 11:38:52.428,0,[],0
530,2006-11-26 13:18:22.455,0,[],0
531,2006-11-26 14:57:21.121,0,[],0
532,2006-11-26 16:35:52.509,0,[],0
533,2006-11-26 18:13:22.535,0,[],0
534,2006-11-26 19:50:22.562,0,[],0
535,2006-11-26 21:27:22.589,0,[],0
536,2006-11-26 23:04:22.615,0,[],0
537,2006-11-27 00:41:17.407,0,[],0
538,2006-11-27 02:18:54.298,0,[],0
539,2006-11-27 05:35:56.461,0,[],0
540,2006-11-27 07:14:22.392,0,[],0
541,2006-11-27 08:52:53.970,0,[],0
542,2006-11-27 10:30:19.900,0,[],0
543,2006-11-27 12:09:52.830,0,[],0
544,2006-11-27 13:49:22.856,0,[],0
545,2006-11-27 15:28:21.968,1,"[{'lat': -16.053, 'long': -71.802, 'Time': Timestamp('2006-11-27 17:31:48'), 'mag': 5.7}]",1
546,2006-11-27 17:06:22.911,0,[],0
547,2006-11-27 18:43:52.937,0,[],0
548,2006-11-27 20:20:52.964,0,[],0
549,2006-11-27 21:57:52.990,1,"[{'lat': -21.955, 'long': -176.648, 'Time': Timestamp('2006-11-28 07:03:50'), 'mag': 5.0}]",1
550,2006-11-27 23:34:53.017,1,"[{'lat': -11.556, 'long': 166.514, 'Time': Timestamp('2006-11-28 10:17:41'), 'mag': 5.2}]",1
551,2006-11-28 01:11:51.905,1,"[{'lat': 46.686, 'long': 155.533, 'Time': Timestamp('2006-11-28 08:01:51'), 'mag': 5.3}]",1
552,2006-11-28 04:28:51.517,0,[],0
553,2006-11-28 06:06:53.094,0,[],0
554,2006-11-28 07:44:54.561,0,[],0
555,2006-11-28 09:21:49.163,0,[],0
556,2006-11-28 11:01:23.398,0,[],0
557,2006-11-28 12:41:22.231,0,[],0
558,2006-11-28 14:20:22.258,0,[],0
559,2006-11-28 15:58:48.825,0,[],0
560,2006-11-28 17:36:52.312,0,[],0
561,2006-11-28 19:14:22.338,0,[],0
562,2006-11-28 20:51:22.365,0,[],0
563,2006-11-28 22:27:49.143,0,[],0
564,2006-11-29 00:04:52.417,0,[],0
565,2006-11-29 01:42:19.431,0,[],0
566,2006-11-29 04:59:30.221,0,[],0
567,2006-11-29 06:37:23.485,1,"[{'lat': 36.277, 'long': 70.883, 'Time': Timestamp('2006-11-29 16:56:40'), 'mag': 5.0}]",1
568,2006-11-29 08:15:41.893,0,[],0
569,2006-11-29 11:32:49.757,0,[],0
570,2006-11-29 13:12:22.687,0,[],0
571,2006-11-29 14:51:18.026,0,[],0
572,2006-11-29 16:29:57.584,0,[],0
573,2006-11-29 18:07:22.767,0,[],0
574,2006-11-29 21:21:22.820,0,[],0
575,2006-11-29 22:58:22.846,0,[],0
576,2006-11-30 00:35:18.967,1,"[{'lat': 47.404, 'long': 155.421, 'Time': Timestamp('2006-11-30 01:39:45'), 'mag': 5.0}]",1
577,2006-11-30 05:29:55.141,0,[],0
578,2006-11-30 07:08:27.824,0,[],0
579,2006-11-30 08:44:52.538,0,[],0
580,2006-11-30 10:24:21.348,0,[],0
581,2006-11-30 12:03:53.060,0,[],0
582,2006-11-30 13:43:23.048,0,[],0
583,2006-11-30 15:22:19.760,0,[],0
584,2006-11-30 17:00:24.329,0,[],0
585,2006-11-30 18:37:46.610,1,"[{'lat': -53.844, 'long': -134.359, 'Time': Timestamp('2006-11-30 21:20:11'), 'mag': 6.2}, {'lat': -53.844, 'long': -134.359, 'Time': Timestamp('2006-11-30 21:20:11'), 'mag': 6.2}]",2
586,2006-11-30 20:14:52.194,0,[],0
587,2006-11-30 21:51:49.197,1,"[{'lat': -15.19, 'long': -174.0, 'Time': Timestamp('2006-12-01 09:23:39'), 'mag': 5.3}]",1
588,2006-11-30 23:28:22.248,0,[],0
589,2006-12-01 01:05:49.808,0,[],0
590,2006-12-01 06:00:24.431,0,[],0
591,2006-12-01 07:39:00.104,0,[],0
592,2006-12-01 09:15:46.515,0,[],0
593,2006-12-01 10:55:22.078,0,[],0
594,2006-12-01 12:34:52.462,0,[],0
595,2006-12-01 14:14:26.329,0,[],0
596,2006-12-01 15:52:47.617,0,[],0
597,2006-12-01 17:30:52.075,0,[],0
598,2006-12-01 19:08:19.780,0,[],0
599,2006-12-01 20:44:52.596,0,[],0
600,2006-12-01 22:21:52.143,0,[],0
601,2006-12-01 23:58:52.649,0,[],0
602,2006-12-02 01:35:49.551,0,[],0
603,2006-12-02 04:53:20.933,0,[],0
604,2006-12-02 06:31:23.716,0,[],0
605,2006-12-02 08:09:52.972,0,[],0
606,2006-12-02 09:46:49.796,0,[],0
607,2006-12-02 11:26:22.591,0,[],0
608,2006-12-02 13:05:52.864,0,[],0
609,2006-12-02 14:45:22.635,0,[],0
610,2006-12-02 16:23:52.338,0,[],0
611,2006-12-02 18:01:22.944,0,[],0
612,2006-12-02 19:38:20.404,0,[],0
613,2006-12-02 21:15:22.997,0,[],0
614,2006-12-02 22:52:23.023,0,[],0
615,2006-12-03 00:29:18.931,1,"[{'lat': 52.49, 'long': 160.359, 'Time': Timestamp('2006-12-03 04:52:31'), 'mag': 5.1}]",1
616,2006-12-03 03:45:51.077,0,[],0
617,2006-12-03 05:23:54.318,0,[],0
618,2006-12-03 07:01:54.233,0,[],0
619,2006-12-03 08:38:53.043,0,[],0
620,2006-12-03 10:17:50.525,0,[],0
621,2006-12-03 11:57:22.237,0,[],0
622,2006-12-03 13:37:21.785,0,[],0
623,2006-12-03 15:15:51.266,0,[],0
624,2006-12-03 20:08:52.372,0,[],0
625,2006-12-03 21:45:22.398,0,[],0
626,2006-12-03 23:22:22.424,0,[],0
627,2006-12-04 00:59:21.313,0,[],0
628,2006-12-04 04:16:27.348,1,"[{'lat': 55.767, 'long': 110.08, 'Time': Timestamp('2006-12-04 09:14:04'), 'mag': 5.2}, {'lat': 55.767, 'long': 110.08, 'Time': Timestamp('2006-12-04 09:14:04'), 'mag': 5.2}]",2
629,2006-12-04 05:54:24.607,0,[],0
630,2006-12-04 07:32:52.090,0,[],0
631,2006-12-04 09:09:22.116,0,[],0
632,2006-12-04 10:48:52.255,0,[],0
633,2006-12-04 12:28:52.639,0,[],0
634,2006-12-04 14:08:23.738,0,[],0
635,2006-12-04 15:46:51.890,0,[],0
636,2006-12-04 17:24:50.812,1,"[{'lat': -55.519, 'long': -124.064, 'Time': Timestamp('2006-12-05 03:46:59'), 'mag': 5.4}]",1
637,2006-12-04 19:01:48.516,0,[],0
638,2006-12-04 20:38:52.773,0,[],0
639,2006-12-04 22:15:50.991,0,[],0
640,2006-12-04 23:52:52.826,0,[],0
641,2006-12-05 01:29:52.384,0,[],0
642,2006-12-05 04:46:57.750,0,[],0
643,2006-12-05 06:24:49.797,0,[],0
644,2006-12-05 08:03:20.381,0,[],0
645,2006-12-05 09:40:22.629,0,[],0
646,2006-12-05 16:17:21.402,0,[],0
647,2006-12-05 17:55:20.325,0,[],0
648,2006-12-05 19:32:19.469,0,[],0
649,2006-12-05 21:09:22.174,0,[],0
650,2006-12-05 22:46:22.201,0,[],0
651,2006-12-06 00:23:22.417,0,[],0
652,2006-12-06 03:39:51.254,0,[],0
653,2006-12-06 05:17:54.495,0,[],0
654,2006-12-06 06:55:56.174,1,"[{'lat': -43.044, 'long': 41.762, 'Time': Timestamp('2006-12-06 12:05:49'), 'mag': 5.1}, {'lat': -43.044, 'long': 41.762, 'Time': Timestamp('2006-12-06 12:05:49'), 'mag': 5.1}]",2
655,2006-12-06 08:34:22.663,0,[],0
656,2006-12-06 10:11:50.753,0,[],0
657,2006-12-06 11:51:22.465,0,[],0
658,2006-12-06 13:30:50.573,0,[],0
659,2006-12-06 15:09:42.520,0,[],0
660,2006-12-06 20:02:52.600,0,[],0
661,2006-12-06 21:39:22.626,0,[],0
662,2006-12-06 23:16:22.652,0,[],0
663,2006-12-07 00:53:18.773,0,[],0
664,2006-12-07 05:48:27.603,0,[],0
665,2006-12-07 09:03:21.016,0,[],0
666,2006-12-07 10:42:48.387,0,[],0
667,2006-12-07 12:22:22.866,0,[],0
668,2006-12-07 14:01:51.198,0,[],0
669,2006-12-07 15:40:54.774,0,[],0
670,2006-12-07 17:18:51.040,0,[],0
671,2006-12-07 18:55:52.841,0,[],0
672,2006-12-07 20:32:53.000,0,[],0
673,2006-12-07 22:09:53.987,0,[],0
674,2006-12-07 23:46:53.054,0,[],0
675,2006-12-08 01:23:48.955,0,[],0
676,2006-12-08 04:40:55.538,0,[],0
677,2006-12-08 06:18:49.024,0,[],0
678,2006-12-08 07:57:23.705,0,[],0
679,2006-12-08 09:34:17.761,0,[],0
680,2006-12-08 16:11:31.150,0,[],0
681,2006-12-08 17:49:24.648,0,[],0
682,2006-12-08 19:26:21.025,0,[],0
683,2006-12-08 21:03:22.401,0,[],0
684,2006-12-08 22:39:52.428,0,[],0
685,2006-12-09 00:16:52.454,0,[],0
686,2006-12-09 01:54:23.340,0,[],0
687,2006-12-09 05:11:23.395,0,[],0
688,2006-12-09 06:49:50.866,0,[],0
689,2006-12-09 08:28:22.890,0,[],0
690,2006-12-09 11:45:22.642,0,[],0
691,2006-12-09 13:24:52.670,0,[],0
692,2006-12-09 15:03:48.902,0,[],0
693,2006-12-09 16:41:57.567,0,[],0
694,2006-12-09 18:19:22.750,0,[],0
695,2006-12-09 19:56:52.776,0,[],0
696,2006-12-09 21:33:22.803,0,[],0
697,2006-12-09 23:10:22.829,0,[],0
698,2006-12-10 00:47:18.950,0,[],0
699,2006-12-10 05:42:22.467,0,[],0
700,2006-12-10 07:20:25.151,0,[],0
701,2006-12-10 08:57:23.960,0,[],0
702,2006-12-10 10:36:50.004,0,[],0
703,2006-12-10 12:16:23.043,0,[],0
704,2006-12-10 13:55:51.263,0,[],0
705,2006-12-10 15:34:21.182,0,[],0
706,2006-12-10 20:26:52.178,0,[],0
707,2006-12-10 22:03:49.180,0,[],0
708,2006-12-10 23:40:52.230,0,[],0
709,2006-12-11 01:17:47.023,1,"[{'lat': 48.029, 'long': 154.523, 'Time': Timestamp('2006-12-11 07:46:39'), 'mag': 5.2}, {'lat': 21.937, 'long': 143.018, 'Time': Timestamp('2006-12-11 09:24:32'), 'mag': 5.0}, {'lat': 21.937, 'long': 143.018, 'Time': Timestamp('2006-12-11 09:24:32'), 'mag': 5.0}]",3
710,2006-12-11 04:34:54.386,1,"[{'lat': 55.759, 'long': 110.05, 'Time': Timestamp('2006-12-11 09:08:46'), 'mag': 5.1}]",1
711,2006-12-11 06:12:57.394,0,[],0
712,2006-12-11 07:51:23.883,0,[],0
713,2006-12-11 09:28:19.266,0,[],0
714,2006-12-11 11:07:50.733,0,[],0
715,2006-12-11 12:47:22.445,0,[],0
716,2006-12-11 14:26:46.791,0,[],0
717,2006-12-11 16:05:13.503,0,[],0
718,2006-12-11 17:42:50.729,0,[],0
719,2006-12-11 19:20:21.202,0,[],0
720,2006-12-11 20:57:22.578,0,[],0
721,2006-12-11 22:33:49.358,0,[],0
722,2006-12-12 00:10:52.631,1,"[{'lat': -5.036, 'long': 151.145, 'Time': Timestamp('2006-12-12 06:35:34'), 'mag': 5.0}]",1
723,2006-12-12 01:48:19.422,0,[],0
724,2006-12-12 05:05:20.915,0,[],0
725,2006-12-12 06:43:19.603,0,[],0
726,2006-12-12 08:21:54.395,0,[],0
727,2006-12-12 09:59:22.435,0,[],0
728,2006-12-12 11:38:52.819,0,[],0
729,2006-12-12 13:18:22.846,0,[],0
730,2006-12-12 14:57:16.200,0,[],0
731,2006-12-12 16:35:52.320,0,[],0
732,2006-12-12 18:13:22.927,0,[],0
733,2006-12-12 19:50:19.058,0,[],0
734,2006-12-12 21:27:22.980,0,[],0
735,2006-12-12 23:04:23.006,0,[],0
736,2006-12-13 00:41:17.798,0,[],0
737,2006-12-13 05:35:52.973,0,[],0
738,2006-12-13 07:14:24.327,0,[],0
739,2006-12-13 10:30:20.560,0,[],0
740,2006-12-13 12:09:52.272,0,[],0
741,2006-12-13 13:49:20.492,0,[],0
742,2006-12-13 15:28:21.412,0,[],0
743,2006-12-13 17:06:20.445,0,[],0
744,2006-12-13 18:43:46.822,0,[],0
745,2006-12-13 20:20:52.406,0,[],0
746,2006-12-14 11:01:22.290,0,[],0
747,2006-12-14 12:41:22.674,0,[],0
748,2006-12-14 14:20:18.348,0,[],0
749,2006-12-14 15:58:47.828,0,[],0
750,2006-12-14 17:36:52.286,0,[],0
751,2006-12-14 19:14:21.319,0,[],0
752,2006-12-14 20:51:22.807,0,[],0
753,2006-12-14 22:27:53.682,0,[],0
754,2006-12-15 00:04:52.861,0,[],0
755,2006-12-15 01:42:22.530,0,[],0
756,2006-12-15 04:59:26.457,0,[],0
757,2006-12-15 06:37:19.832,0,[],0
758,2006-12-15 08:15:50.528,0,[],0
759,2006-12-15 09:52:52.664,0,[],0
760,2006-12-15 11:32:50.146,0,[],0
761,2006-12-15 13:12:23.075,0,[],0
762,2006-12-15 14:51:23.509,0,[],0
763,2006-12-15 16:29:50.221,0,[],0
764,2006-12-15 18:07:22.156,0,[],0
765,2006-12-15 19:44:18.287,0,[],0
766,2006-12-15 21:21:22.209,0,[],0
767,2006-12-15 22:58:22.235,0,[],0
768,2006-12-16 00:35:18.356,0,[],0
769,2006-12-16 05:29:54.530,0,[],0
770,2006-12-16 07:08:27.213,0,[],0
771,2006-12-16 08:44:51.926,0,[],0
772,2006-12-16 10:24:20.738,0,[],0
773,2006-12-16 12:03:52.449,0,[],0
774,2006-12-16 13:43:20.669,0,[],0
775,2006-12-16 15:22:20.149,0,[],0
776,2006-12-16 17:00:24.718,0,[],0
777,2006-12-16 18:37:46.999,0,[],0
778,2006-12-16 20:14:52.583,0,[],0
779,2006-12-16 21:51:49.586,0,[],0
780,2006-12-16 23:28:22.637,0,[],0
781,2006-12-17 01:05:50.197,1,"[{'lat': 46.817, 'long': 153.024, 'Time': Timestamp('2006-12-17 08:41:40'), 'mag': 5.0}]",1
782,2006-12-17 06:00:24.819,0,[],0
783,2006-12-17 07:39:00.494,0,[],0
784,2006-12-17 09:15:46.904,0,[],0
785,2006-12-17 10:55:18.371,0,[],0
786,2006-12-17 12:34:52.851,0,[],0
787,2006-12-17 14:14:26.717,0,[],0
788,2006-12-17 15:52:48.006,0,[],0
789,2006-12-17 20:44:52.985,0,[],0
790,2006-12-17 22:21:52.532,0,[],0
791,2006-12-17 23:58:53.037,0,[],0
792,2006-12-18 01:35:52.595,0,[],0
793,2006-12-18 04:53:24.194,0,[],0
794,2006-12-18 06:31:23.105,0,[],0
795,2006-12-18 08:09:52.362,0,[],0
796,2006-12-18 09:46:49.185,0,[],0
797,2006-12-18 16:23:51.726,0,[],0
798,2006-12-18 18:01:22.333,0,[],0
799,2006-12-18 19:38:19.792,0,[],0
800,2006-12-18 21:15:22.386,0,[],0
801,2006-12-18 22:52:22.413,0,[],0
802,2006-12-19 00:29:22.417,0,[],0
803,2006-12-19 03:45:51.466,1,"[{'lat': 2.458, 'long': 98.0, 'Time': Timestamp('2006-12-19 12:48:16'), 'mag': 5.0}, {'lat': 2.458, 'long': 98.0, 'Time': Timestamp('2006-12-19 12:48:16'), 'mag': 5.0}]",2
804,2006-12-19 05:23:54.707,0,[],0
805,2006-12-19 07:01:54.622,0,[],0
806,2006-12-19 08:38:49.336,0,[],0
807,2006-12-19 10:17:50.914,0,[],0
808,2006-12-19 11:57:22.627,0,[],0
809,2006-12-19 13:37:22.174,0,[],0
810,2006-12-19 15:15:51.654,0,[],0
811,2006-12-19 16:54:22.127,0,[],0
812,2006-12-19 18:31:52.734,0,[],0
813,2006-12-19 20:08:52.760,0,[],0
814,2006-12-19 21:45:22.787,0,[],0
815,2006-12-19 23:22:22.814,0,[],0
816,2006-12-20 00:59:21.702,0,[],0
817,2006-12-20 04:16:26.409,0,[],0
818,2006-12-20 05:54:24.997,0,[],0
819,2006-12-20 07:32:52.478,0,[],0
820,2006-12-20 09:09:22.505,0,[],0
821,2006-12-20 10:48:52.694,0,[],0
822,2006-12-20 12:28:53.932,0,[],0
823,2006-12-20 14:08:23.066,0,[],0
824,2006-12-20 15:46:51.329,0,[],0
825,2006-12-20 20:38:52.212,0,[],0
826,2006-12-20 22:15:50.431,0,[],0
827,2006-12-20 23:52:52.266,0,[],0
828,2006-12-21 01:29:51.823,0,[],0
829,2006-12-21 04:46:55.749,0,[],0
830,2006-12-21 06:24:49.237,0,[],0
831,2006-12-21 08:03:19.822,1,"[{'lat': 12.039, 'long': 43.55, 'Time': Timestamp('2006-12-21 09:07:46'), 'mag': 5.0}]",1
832,2006-12-21 09:40:22.068,1,"[{'lat': 39.32, 'long': 23.6, 'Time': Timestamp('2006-12-21 18:30:52'), 'mag': 5.1}]",1
833,2006-12-21 17:55:20.815,0,[],0
834,2006-12-21 19:32:17.252,0,[],0
835,2006-12-21 21:09:22.614,0,[],0
836,2006-12-21 22:46:22.640,0,[],0
837,2006-12-22 00:23:22.856,0,[],0
838,2006-12-22 02:00:21.443,1,"[{'lat': 3.269, 'long': 125.277, 'Time': Timestamp('2006-12-22 11:06:06'), 'mag': 5.5}]",1
839,2006-12-22 05:17:54.934,0,[],0
840,2006-12-22 06:55:57.618,0,[],0
841,2006-12-22 08:34:23.102,0,[],0
842,2006-12-22 10:11:51.142,0,[],0
843,2006-12-22 11:51:24.818,0,[],0
844,2006-12-22 13:30:50.962,0,[],0
845,2006-12-22 15:09:47.786,0,[],0
846,2006-12-22 16:47:57.779,0,[],0
847,2006-12-22 18:25:52.962,0,[],0
848,2006-12-22 20:02:52.989,0,[],0
849,2006-12-22 21:39:23.014,0,[],0
850,2006-12-22 23:16:23.041,1,"[{'lat': -54.392, 'long': 158.871, 'Time': Timestamp('2006-12-23 01:53:22'), 'mag': 5.1}]",1
851,2006-12-23 00:53:19.162,0,[],0
852,2006-12-23 05:48:26.992,0,[],0
853,2006-12-23 07:26:24.363,0,[],0
854,2006-12-23 09:03:20.404,0,[],0
855,2006-12-23 10:42:47.776,0,[],0
856,2006-12-23 12:22:21.340,0,[],0
857,2006-12-23 14:01:50.475,0,[],0
858,2006-12-23 15:40:54.162,0,[],0
859,2006-12-23 17:18:50.428,0,[],0
860,2006-12-23 18:55:52.229,0,[],0
861,2006-12-23 20:32:52.390,0,[],0
862,2006-12-23 22:09:53.376,0,[],0
863,2006-12-23 23:46:52.443,0,[],0
864,2006-12-24 01:23:49.344,0,[],0
865,2006-12-24 04:40:55.927,0,[],0
866,2006-12-24 06:18:49.413,0,[],0
867,2006-12-24 07:57:24.095,0,[],0
868,2006-12-24 09:34:22.246,0,[],0
869,2006-12-24 16:11:19.252,0,[],0
870,2006-12-24 17:49:25.037,1,"[{'lat': -28.75, 'long': -112.75, 'Time': Timestamp('2006-12-24 21:37:36'), 'mag': 5.0}]",1
871,2006-12-24 19:26:21.414,0,[],0
872,2006-12-24 21:03:22.791,0,[],0
873,2006-12-24 22:39:52.817,0,[],0
874,2006-12-25 00:16:52.843,0,[],0
875,2006-12-25 01:54:23.729,0,[],0
876,2006-12-25 05:11:23.784,0,[],0
877,2006-12-25 06:49:51.255,0,[],0
878,2006-12-25 08:28:27.375,0,[],0
879,2006-12-25 10:05:22.647,0,[],0
880,2006-12-25 11:45:23.667,0,[],0
881,2006-12-25 13:24:53.058,0,[],0
882,2006-12-25 15:03:48.291,0,[],0
883,2006-12-25 19:56:52.165,0,[],0
884,2006-12-25 21:33:22.192,0,[],0
885,2006-12-25 23:10:22.218,0,[],0
886,2006-12-26 00:47:18.338,0,[],0
887,2006-12-26 05:42:21.856,0,[],0
888,2006-12-26 07:20:24.540,0,[],0
889,2006-12-26 08:57:23.350,0,[],0
890,2006-12-26 10:36:20.720,0,[],0
891,2006-12-26 12:16:21.517,0,[],0
892,2006-12-26 13:55:50.652,0,[],0
893,2006-12-26 15:34:25.667,0,[],0
894,2006-12-26 17:12:20.605,0,[],0
895,2006-12-26 18:49:52.406,0,[],0
896,2006-12-26 20:26:52.567,0,[],0
897,2006-12-26 22:03:49.568,0,[],0
898,2006-12-26 23:40:52.619,0,[],0
899,2006-12-27 04:34:54.776,0,[],0
900,2006-12-27 06:12:57.782,0,[],0
901,2006-12-27 07:51:25.164,0,[],0
902,2006-12-27 09:28:19.819,0,[],0
903,2006-12-27 11:07:49.958,0,[],0
904,2006-12-27 12:47:24.740,0,[],0
905,2006-12-27 14:26:49.890,0,[],0
906,2006-12-27 19:20:22.994,0,[],0
907,2006-12-27 20:57:23.020,0,[],0
908,2006-12-27 22:33:53.046,0,[],0
909,2006-12-28 00:10:53.073,0,[],0
910,2006-12-28 01:48:19.087,0,[],0
911,2006-12-28 05:05:23.125,0,[],0
912,2006-12-28 06:43:23.140,0,[],0
913,2006-12-28 08:21:53.837,0,[],0
914,2006-12-28 09:59:20.660,0,[],0
915,2006-12-28 11:38:54.225,0,[],0
916,2006-12-28 13:18:22.288,0,[],0
917,2006-12-28 14:57:20.954,0,[],0
918,2006-12-28 16:35:52.342,0,[],0
919,2006-12-28 18:13:22.369,0,[],0
920,2006-12-28 19:50:22.395,0,[],0
921,2006-12-28 21:27:22.422,0,[],0
922,2006-12-28 23:04:22.448,0,[],0
923,2006-12-29 00:41:17.241,0,[],0
924,2006-12-29 02:18:54.131,0,[],0
925,2006-12-29 05:35:56.294,0,[],0
926,2006-12-29 07:14:22.225,0,[],0
927,2006-12-29 08:52:53.803,0,[],0
928,2006-12-29 10:30:23.830,0,[],0
929,2006-12-29 12:09:51.748,0,[],0
930,2006-12-29 13:49:20.882,0,[],0
931,2006-12-29 15:28:21.802,0,[],0
932,2006-12-29 17:06:22.743,0,[],0
933,2006-12-29 18:43:52.770,0,[],0
934,2006-12-29 20:20:52.796,0,[],0
935,2006-12-29 23:34:52.849,0,[],0
936,2006-12-30 01:11:50.410,1,"[{'lat': 46.745, 'long': 155.505, 'Time': Timestamp('2006-12-30 11:16:34'), 'mag': 5.3}, {'lat': 46.745, 'long': 155.49, 'Time': Timestamp('2006-12-30 11:22:46'), 'mag': 5.0}, {'lat': 13.407, 'long': 145.978, 'Time': Timestamp('2006-12-30 07:10:56'), 'mag': 5.2}, {'lat': 13.407, 'long': 145.978, 'Time': Timestamp('2006-12-30 07:10:56'), 'mag': 5.2}]",4
937,2006-12-30 04:28:52.349,0,[],0
938,2006-12-30 06:06:53.927,0,[],0
939,2006-12-30 07:44:54.065,0,[],0
940,2006-12-30 09:21:49.996,0,[],0
941,2006-12-30 11:01:24.231,0,[],0
942,2006-12-30 12:41:24.917,0,[],0
943,2006-12-30 14:20:21.723,0,[],0
944,2006-12-30 15:58:48.658,0,[],0
945,2006-12-30 17:36:52.145,1,"[{'lat': -48.553, 'long': -116.64, 'Time': Timestamp('2006-12-30 17:39:14'), 'mag': 5.2}, {'lat': -48.553, 'long': -116.64, 'Time': Timestamp('2006-12-30 17:39:14'), 'mag': 5.2}, {'lat': -49.75, 'long': -115.75, 'Time': Timestamp('2006-12-30 17:39:20'), 'mag': 5.2}]",3
946,2006-12-30 19:14:22.171,0,[],0
947,2006-12-30 20:51:22.198,0,[],0
948,2006-12-30 22:27:48.976,0,[],0
949,2006-12-31 00:04:52.251,0,[],0
950,2006-12-31 01:42:19.263,0,[],0
951,2006-12-31 04:59:30.054,0,[],0
952,2006-12-31 06:37:23.317,0,[],0
953,2006-12-31 08:15:45.822,0,[],0
954,2006-12-31 09:52:49.509,0,[],0
955,2006-12-31 11:32:54.402,0,[],0
956,2006-12-31 13:12:22.465,0,[],0
957,2006-12-31 14:51:21.019,1,"[{'lat': -37.94, 'long': -71.114, 'Time': Timestamp('2006-12-31 14:55:02'), 'mag': 5.6}]",1
958,2006-12-31 16:29:52.519,0,[],0
959,2006-12-31 18:07:22.546,0,[],0
960,2006-12-31 19:44:22.572,0,[],0
961,2006-12-31 21:21:22.598,0,[],0
